#F T:/sole\spectrum.dat
#D Wed Nov 09 08:35:32 2016

#S 1 XRFSpectrum.mca 2.1.1.1
#D Wed Nov 09 08:35:32 2016
#N 3
#L channel  counts  energy
0  0  0
1  1  0.004063901
2  0  0.008127803
3  0  0.0121917
4  1  0.01625561
5  0  0.02031951
6  0  0.02438341
7  0  0.02844731
8  0  0.03251121
9  0  0.03657511
10  0  0.04063901
11  0  0.04470291
12  0  0.04876682
13  0  0.05283072
14  0  0.05689462
15  0  0.06095852
16  0  0.06502242
17  0  0.06908632
18  0  0.07315022
19  0  0.07721413
20  0  0.08127803
21  0  0.08534193
22  0  0.08940583
23  2  0.09346973
24  0  0.09753363
25  0  0.1015975
26  0  0.1056614
27  0  0.1097253
28  0  0.1137892
29  0  0.1178531
30  0  0.121917
31  0  0.1259809
32  0  0.1300448
33  0  0.1341087
34  2  0.1381726
35  0  0.1422365
36  0  0.1463004
37  0  0.1503643
38  0  0.1544283
39  0  0.1584922
40  0  0.1625561
41  0  0.16662
42  0  0.1706839
43  0  0.1747478
44  0  0.1788117
45  0  0.1828756
46  0  0.1869395
47  0  0.1910034
48  1  0.1950673
49  0  0.1991312
50  0  0.2031951
51  0  0.207259
52  0  0.2113229
53  0  0.2153868
54  0  0.2194507
55  2  0.2235146
56  1  0.2275785
57  3  0.2316424
58  1  0.2357063
59  6  0.2397702
60  5  0.2438341
61  12  0.247898
62  22  0.2519619
63  53  0.2560258
64  108  0.2600897
65  198  0.2641536
66  360  0.2682175
67  663  0.2722814
68  1103  0.2763453
69  1796  0.2804092
70  3124  0.2844731
71  5331  0.288537
72  8660  0.2926009
73  13826  0.2966648
74  21675  0.3007287
75  33841  0.3047926
76  51276  0.3088565
77  76126  0.3129204
78  110194  0.3169843
79  157431  0.3210482
80  220182  0.3251121
81  302740  0.329176
82  406310  0.3332399
83  533020  0.3373038
84  688601  0.3413677
85  871069  0.3454316
86  1077506  0.3494955
87  1304139  0.3535594
88  1550905  0.3576233
89  1803220  0.3616872
90  2054727  0.3657511
91  2290339  0.369815
92  2501902  0.3738789
93  2678266  0.3779428
94  2808225  0.3820067
95  2878857  0.3860706
96  2885535  0.3901345
97  2840305  0.3941984
98  2731378  0.3982623
99  2573947  0.4023262
100  2372642  0.4063901
101  2141007  0.410454
102  1891729  0.4145179
103  1635966  0.4185818
104  1385039  0.4226457
105  1149179  0.4267096
106  935577  0.4307735
107  743365  0.4348374
108  581086  0.4389013
109  445540  0.4429652
110  333701  0.4470291
111  247522  0.451093
112  180491  0.455157
113  129085  0.4592209
114  91704  0.4632848
115  65275  0.4673487
116  46148  0.4714126
117  33347  0.4754765
118  24240  0.4795404
119  18368  0.4836043
120  13625  0.4876682
121  10441  0.4917321
122  8315  0.495796
123  6490  0.4998599
124  5232  0.5039238
125  4194  0.5079877
126  3227  0.5120516
127  2527  0.5161155
128  2016  0.5201794
129  1567  0.5242433
130  1193  0.5283072
131  851  0.5323711
132  636  0.536435
133  475  0.5404989
134  316  0.5445628
135  225  0.5486267
136  158  0.5526906
137  107  0.5567545
138  94  0.5608184
139  67  0.5648823
140  47  0.5689462
141  29  0.5730101
142  21  0.577074
143  30  0.5811379
144  24  0.5852018
145  17  0.5892657
146  12  0.5933296
147  9  0.5973935
148  12  0.6014574
149  9  0.6055213
150  5  0.6095852
151  4  0.6136491
152  6  0.617713
153  5  0.6217769
154  4  0.6258408
155  4  0.6299047
156  1  0.6339686
157  1  0.6380325
158  0  0.6420964
159  0  0.6461603
160  0  0.6502242
161  0  0.6542881
162  0  0.658352
163  0  0.6624159
164  2  0.6664798
165  16  0.6705437
166  47  0.6746076
167  158  0.6786715
168  304  0.6827354
169  478  0.6867993
170  640  0.6908632
171  701  0.6949271
172  737  0.698991
173  730  0.7030549
174  708  0.7071188
175  689  0.7111827
176  677  0.7152466
177  720  0.7193105
178  706  0.7233744
179  661  0.7274383
180  670  0.7315022
181  665  0.7355661
182  672  0.73963
183  669  0.7436939
184  689  0.7477578
185  673  0.7518217
186  599  0.7558857
187  643  0.7599496
188  631  0.7640135
189  652  0.7680774
190  649  0.7721413
191  656  0.7762052
192  565  0.7802691
193  622  0.784333
194  614  0.7883969
195  657  0.7924608
196  591  0.7965247
197  606  0.8005886
198  633  0.8046525
199  597  0.8087164
200  592  0.8127803
201  606  0.8168442
202  592  0.8209081
203  611  0.824972
204  608  0.8290359
205  560  0.8330998
206  571  0.8371637
207  567  0.8412276
208  603  0.8452915
209  576  0.8493554
210  571  0.8534193
211  553  0.8574832
212  550  0.8615471
213  556  0.865611
214  585  0.8696749
215  539  0.8737388
216  565  0.8778027
217  583  0.8818666
218  584  0.8859305
219  519  0.8899944
220  516  0.8940583
221  480  0.8981222
222  528  0.9021861
223  515  0.90625
224  533  0.9103139
225  551  0.9143778
226  542  0.9184417
227  523  0.9225056
228  540  0.9265695
229  561  0.9306334
230  519  0.9346973
231  504  0.9387612
232  492  0.9428251
233  541  0.946889
234  551  0.9509529
235  537  0.9550168
236  497  0.9590807
237  493  0.9631446
238  506  0.9672085
239  505  0.9712724
240  506  0.9753363
241  523  0.9794002
242  498  0.9834641
243  463  0.987528
244  478  0.9915919
245  534  0.9956558
246  530  0.9997197
247  516  1.003784
248  503  1.007848
249  499  1.011911
250  487  1.015975
251  441  1.020039
252  476  1.024103
253  488  1.028167
254  481  1.032231
255  461  1.036295
256  467  1.040359
257  505  1.044423
258  507  1.048487
259  469  1.05255
260  542  1.056614
261  522  1.060678
262  504  1.064742
263  470  1.068806
264  438  1.07287
265  519  1.076934
266  482  1.080998
267  450  1.085062
268  478  1.089126
269  440  1.093189
270  449  1.097253
271  445  1.101317
272  487  1.105381
273  468  1.109445
274  501  1.113509
275  473  1.117573
276  480  1.121637
277  470  1.125701
278  464  1.129765
279  464  1.133828
280  463  1.137892
281  461  1.141956
282  440  1.14602
283  484  1.150084
284  419  1.154148
285  442  1.158212
286  460  1.162276
287  472  1.16634
288  400  1.170404
289  428  1.174467
290  409  1.178531
291  425  1.182595
292  431  1.186659
293  449  1.190723
294  437  1.194787
295  441  1.198851
296  424  1.202915
297  438  1.206979
298  417  1.211043
299  419  1.215107
300  386  1.21917
301  378  1.223234
302  396  1.227298
303  392  1.231362
304  405  1.235426
305  364  1.23949
306  405  1.243554
307  407  1.247618
308  379  1.251682
309  345  1.255746
310  360  1.259809
311  380  1.263873
312  376  1.267937
313  408  1.272001
314  377  1.276065
315  351  1.280129
316  343  1.284193
317  379  1.288257
318  371  1.292321
319  312  1.296385
320  390  1.300448
321  317  1.304512
322  356  1.308576
323  333  1.31264
324  348  1.316704
325  336  1.320768
326  354  1.324832
327  336  1.328896
328  319  1.33296
329  337  1.337024
330  329  1.341087
331  333  1.345151
332  317  1.349215
333  302  1.353279
334  331  1.357343
335  332  1.361407
336  310  1.365471
337  321  1.369535
338  305  1.373599
339  333  1.377663
340  282  1.381726
341  319  1.38579
342  311  1.389854
343  308  1.393918
344  302  1.397982
345  299  1.402046
346  337  1.40611
347  331  1.410174
348  315  1.414238
349  343  1.418302
350  314  1.422365
351  313  1.426429
352  304  1.430493
353  294  1.434557
354  328  1.438621
355  321  1.442685
356  302  1.446749
357  284  1.450813
358  355  1.454877
359  312  1.458941
360  285  1.463004
361  300  1.467068
362  346  1.471132
363  312  1.475196
364  336  1.47926
365  314  1.483324
366  318  1.487388
367  313  1.491452
368  295  1.495516
369  317  1.49958
370  305  1.503643
371  311  1.507707
372  309  1.511771
373  293  1.515835
374  333  1.519899
375  303  1.523963
376  337  1.528027
377  322  1.532091
378  289  1.536155
379  287  1.540219
380  324  1.544283
381  273  1.548346
382  288  1.55241
383  278  1.556474
384  282  1.560538
385  270  1.564602
386  262  1.568666
387  264  1.57273
388  284  1.576794
389  274  1.580858
390  280  1.584922
391  264  1.588985
392  249  1.593049
393  265  1.597113
394  249  1.601177
395  263  1.605241
396  250  1.609305
397  240  1.613369
398  246  1.617433
399  259  1.621497
400  247  1.625561
401  217  1.629624
402  248  1.633688
403  240  1.637752
404  241  1.641816
405  232  1.64588
406  221  1.649944
407  250  1.654008
408  222  1.658072
409  234  1.662136
410  235  1.6662
411  234  1.670263
412  213  1.674327
413  226  1.678391
414  221  1.682455
415  250  1.686519
416  226  1.690583
417  238  1.694647
418  238  1.698711
419  222  1.702775
420  214  1.706839
421  252  1.710902
422  229  1.714966
423  216  1.71903
424  230  1.723094
425  208  1.727158
426  228  1.731222
427  221  1.735286
428  244  1.73935
429  221  1.743414
430  211  1.747478
431  216  1.751541
432  237  1.755605
433  221  1.759669
434  229  1.763733
435  204  1.767797
436  232  1.771861
437  233  1.775925
438  232  1.779989
439  211  1.784053
440  229  1.788117
441  249  1.79218
442  253  1.796244
443  262  1.800308
444  276  1.804372
445  281  1.808436
446  268  1.8125
447  300  1.816564
448  313  1.820628
449  303  1.824692
450  303  1.828756
451  315  1.83282
452  351  1.836883
453  330  1.840947
454  336  1.845011
455  355  1.849075
456  370  1.853139
457  366  1.857203
458  320  1.861267
459  360  1.865331
460  352  1.869395
461  381  1.873459
462  362  1.877522
463  329  1.881586
464  333  1.88565
465  379  1.889714
466  352  1.893778
467  348  1.897842
468  328  1.901906
469  318  1.90597
470  326  1.910034
471  268  1.914098
472  298  1.918161
473  298  1.922225
474  310  1.926289
475  262  1.930353
476  286  1.934417
477  314  1.938481
478  308  1.942545
479  274  1.946609
480  249  1.950673
481  255  1.954737
482  230  1.9588
483  244  1.962864
484  275  1.966928
485  218  1.970992
486  223  1.975056
487  225  1.97912
488  252  1.983184
489  225  1.987248
490  215  1.991312
491  210  1.995376
492  243  1.999439
493  208  2.003503
494  232  2.007567
495  245  2.011631
496  225  2.015695
497  232  2.019759
498  225  2.023823
499  227  2.027887
500  259  2.031951
501  240  2.036015
502  240  2.040078
503  228  2.044142
504  231  2.048206
505  218  2.05227
506  216  2.056334
507  229  2.060398
508  262  2.064462
509  225  2.068526
510  219  2.07259
511  238  2.076654
512  218  2.080717
513  192  2.084781
514  220  2.088845
515  210  2.092909
516  218  2.096973
517  224  2.101037
518  226  2.105101
519  223  2.109165
520  221  2.113229
521  235  2.117293
522  268  2.121357
523  258  2.12542
524  237  2.129484
525  220  2.133548
526  209  2.137612
527  220  2.141676
528  245  2.14574
529  242  2.149804
530  234  2.153868
531  250  2.157932
532  236  2.161996
533  292  2.166059
534  288  2.170123
535  271  2.174187
536  307  2.178251
537  298  2.182315
538  307  2.186379
539  340  2.190443
540  349  2.194507
541  419  2.198571
542  412  2.202635
543  445  2.206698
544  467  2.210762
545  465  2.214826
546  495  2.21889
547  570  2.222954
548  578  2.227018
549  598  2.231082
550  633  2.235146
551  713  2.23921
552  710  2.243274
553  711  2.247337
554  758  2.251401
555  714  2.255465
556  723  2.259529
557  783  2.263593
558  826  2.267657
559  839  2.271721
560  816  2.275785
561  809  2.279849
562  766  2.283913
563  819  2.287976
564  797  2.29204
565  747  2.296104
566  736  2.300168
567  696  2.304232
568  752  2.308296
569  710  2.31236
570  655  2.316424
571  672  2.320488
572  689  2.324552
573  614  2.328615
574  652  2.332679
575  655  2.336743
576  591  2.340807
577  563  2.344871
578  552  2.348935
579  545  2.352999
580  545  2.357063
581  541  2.361127
582  514  2.365191
583  516  2.369254
584  476  2.373318
585  446  2.377382
586  425  2.381446
587  416  2.38551
588  447  2.389574
589  434  2.393638
590  413  2.397702
591  392  2.401766
592  363  2.40583
593  335  2.409893
594  357  2.413957
595  314  2.418021
596  321  2.422085
597  315  2.426149
598  255  2.430213
599  295  2.434277
600  271  2.438341
601  260  2.442405
602  256  2.446469
603  244  2.450533
604  243  2.454596
605  233  2.45866
606  253  2.462724
607  211  2.466788
608  228  2.470852
609  211  2.474916
610  224  2.47898
611  233  2.483044
612  231  2.487108
613  203  2.491172
614  223  2.495235
615  203  2.499299
616  199  2.503363
617  193  2.507427
618  197  2.511491
619  222  2.515555
620  172  2.519619
621  193  2.523683
622  218  2.527747
623  221  2.531811
624  217  2.535874
625  201  2.539938
626  187  2.544002
627  194  2.548066
628  193  2.55213
629  184  2.556194
630  189  2.560258
631  183  2.564322
632  190  2.568386
633  187  2.57245
634  200  2.576513
635  216  2.580577
636  181  2.584641
637  188  2.588705
638  174  2.592769
639  218  2.596833
640  191  2.600897
641  189  2.604961
642  176  2.609025
643  184  2.613089
644  158  2.617152
645  169  2.621216
646  175  2.62528
647  165  2.629344
648  179  2.633408
649  181  2.637472
650  169  2.641536
651  167  2.6456
652  170  2.649664
653  181  2.653728
654  179  2.657791
655  191  2.661855
656  167  2.665919
657  180  2.669983
658  181  2.674047
659  183  2.678111
660  195  2.682175
661  181  2.686239
662  215  2.690303
663  208  2.694367
664  181  2.69843
665  212  2.702494
666  231  2.706558
667  211  2.710622
668  239  2.714686
669  215  2.71875
670  238  2.722814
671  250  2.726878
672  275  2.730942
673  285  2.735006
674  302  2.73907
675  328  2.743133
676  329  2.747197
677  355  2.751261
678  381  2.755325
679  390  2.759389
680  431  2.763453
681  419  2.767517
682  458  2.771581
683  434  2.775645
684  465  2.779709
685  445  2.783772
686  438  2.787836
687  446  2.7919
688  411  2.795964
689  452  2.800028
690  466  2.804092
691  390  2.808156
692  374  2.81222
693  407  2.816284
694  373  2.820348
695  374  2.824411
696  350  2.828475
697  302  2.832539
698  312  2.836603
699  298  2.840667
700  292  2.844731
701  274  2.848795
702  253  2.852859
703  264  2.856923
704  218  2.860987
705  218  2.86505
706  228  2.869114
707  217  2.873178
708  224  2.877242
709  222  2.881306
710  229  2.88537
711  231  2.889434
712  237  2.893498
713  246  2.897562
714  240  2.901626
715  233  2.905689
716  264  2.909753
717  242  2.913817
718  270  2.917881
719  261  2.921945
720  231  2.926009
721  224  2.930073
722  242  2.934137
723  239  2.938201
724  274  2.942265
725  233  2.946328
726  248  2.950392
727  226  2.954456
728  291  2.95852
729  250  2.962584
730  256  2.966648
731  276  2.970712
732  243  2.974776
733  248  2.97884
734  237  2.982904
735  211  2.986967
736  203  2.991031
737  194  2.995095
738  194  2.999159
739  205  3.003223
740  179  3.007287
741  214  3.011351
742  199  3.015415
743  188  3.019479
744  197  3.023543
745  186  3.027607
746  186  3.03167
747  179  3.035734
748  203  3.039798
749  217  3.043862
750  194  3.047926
751  197  3.05199
752  175  3.056054
753  189  3.060118
754  172  3.064182
755  206  3.068246
756  178  3.072309
757  171  3.076373
758  204  3.080437
759  187  3.084501
760  174  3.088565
761  198  3.092629
762  194  3.096693
763  211  3.100757
764  187  3.104821
765  199  3.108885
766  178  3.112948
767  175  3.117012
768  193  3.121076
769  172  3.12514
770  203  3.129204
771  201  3.133268
772  175  3.137332
773  192  3.141396
774  189  3.14546
775  201  3.149524
776  170  3.153587
777  182  3.157651
778  172  3.161715
779  169  3.165779
780  151  3.169843
781  158  3.173907
782  163  3.177971
783  147  3.182035
784  144  3.186099
785  152  3.190163
786  144  3.194226
787  139  3.19829
788  145  3.202354
789  142  3.206418
790  171  3.210482
791  159  3.214546
792  159  3.21861
793  183  3.222674
794  161  3.226738
795  173  3.230802
796  176  3.234865
797  163  3.238929
798  182  3.242993
799  200  3.247057
800  196  3.251121
801  187  3.255185
802  240  3.259249
803  194  3.263313
804  247  3.267377
805  243  3.271441
806  251  3.275504
807  274  3.279568
808  255  3.283632
809  259  3.287696
810  274  3.29176
811  271  3.295824
812  284  3.299888
813  322  3.303952
814  326  3.308016
815  343  3.31208
816  349  3.316143
817  343  3.320207
818  346  3.324271
819  394  3.328335
820  390  3.332399
821  369  3.336463
822  418  3.340527
823  433  3.344591
824  445  3.348655
825  467  3.352719
826  488  3.356783
827  530  3.360846
828  445  3.36491
829  480  3.368974
830  501  3.373038
831  494  3.377102
832  471  3.381166
833  478  3.38523
834  521  3.389294
835  464  3.393358
836  451  3.397422
837  454  3.401485
838  398  3.405549
839  406  3.409613
840  370  3.413677
841  402  3.417741
842  356  3.421805
843  338  3.425869
844  316  3.429933
845  306  3.433997
846  285  3.438061
847  269  3.442124
848  264  3.446188
849  262  3.450252
850  277  3.454316
851  223  3.45838
852  235  3.462444
853  210  3.466508
854  232  3.470572
855  227  3.474636
856  193  3.4787
857  219  3.482763
858  219  3.486827
859  209  3.490891
860  207  3.494955
861  202  3.499019
862  228  3.503083
863  196  3.507147
864  203  3.511211
865  211  3.515275
866  218  3.519339
867  217  3.523402
868  209  3.527466
869  210  3.53153
870  220  3.535594
871  218  3.539658
872  207  3.543722
873  214  3.547786
874  181  3.55185
875  190  3.555914
876  198  3.559978
877  215  3.564041
878  194  3.568105
879  226  3.572169
880  175  3.576233
881  212  3.580297
882  205  3.584361
883  200  3.588425
884  208  3.592489
885  166  3.596553
886  214  3.600617
887  184  3.60468
888  221  3.608744
889  192  3.612808
890  183  3.616872
891  208  3.620936
892  186  3.625
893  194  3.629064
894  210  3.633128
895  190  3.637192
896  204  3.641256
897  189  3.64532
898  201  3.649383
899  196  3.653447
900  178  3.657511
901  173  3.661575
902  169  3.665639
903  177  3.669703
904  173  3.673767
905  160  3.677831
906  158  3.681895
907  172  3.685959
908  162  3.690022
909  153  3.694086
910  164  3.69815
911  161  3.702214
912  147  3.706278
913  153  3.710342
914  168  3.714406
915  174  3.71847
916  158  3.722534
917  149  3.726598
918  169  3.730661
919  146  3.734725
920  136  3.738789
921  129  3.742853
922  147  3.746917
923  152  3.750981
924  157  3.755045
925  151  3.759109
926  128  3.763173
927  163  3.767237
928  130  3.7713
929  130  3.775364
930  139  3.779428
931  133  3.783492
932  124  3.787556
933  131  3.79162
934  127  3.795684
935  125  3.799748
936  138  3.803812
937  134  3.807876
938  131  3.811939
939  134  3.816003
940  117  3.820067
941  139  3.824131
942  131  3.828195
943  133  3.832259
944  129  3.836323
945  136  3.840387
946  141  3.844451
947  124  3.848515
948  122  3.852578
949  120  3.856642
950  138  3.860706
951  149  3.86477
952  136  3.868834
953  135  3.872898
954  134  3.876962
955  132  3.881026
956  124  3.88509
957  134  3.889154
958  154  3.893217
959  154  3.897281
960  147  3.901345
961  134  3.905409
962  139  3.909473
963  157  3.913537
964  144  3.917601
965  150  3.921665
966  154  3.925729
967  157  3.929793
968  148  3.933857
969  158  3.93792
970  197  3.941984
971  166  3.946048
972  201  3.950112
973  182  3.954176
974  234  3.95824
975  229  3.962304
976  262  3.966368
977  272  3.970432
978  296  3.974496
979  317  3.978559
980  296  3.982623
981  364  3.986687
982  356  3.990751
983  375  3.994815
984  410  3.998879
985  437  4.002943
986  465  4.007007
987  494  4.011071
988  515  4.015135
989  543  4.019198
990  581  4.023262
991  571  4.027326
992  556  4.03139
993  599  4.035454
994  607  4.039518
995  598  4.043582
996  576  4.047646
997  559  4.05171
998  570  4.055774
999  552  4.059837
1000  527  4.063901
1001  540  4.067965
1002  488  4.072029
1003  458  4.076093
1004  442  4.080157
1005  445  4.084221
1006  403  4.088285
1007  434  4.092349
1008  371  4.096413
1009  313  4.100476
1010  313  4.10454
1011  261  4.108604
1012  276  4.112668
1013  268  4.116732
1014  259  4.120796
1015  221  4.12486
1016  211  4.128924
1017  185  4.132988
1018  162  4.137052
1019  181  4.141115
1020  166  4.145179
1021  138  4.149243
1022  146  4.153307
1023  159  4.157371
1024  168  4.161435
1025  143  4.165499
1026  134  4.169563
1027  139  4.173627
1028  128  4.177691
1029  150  4.181754
1030  134  4.185818
1031  135  4.189882
1032  136  4.193946
1033  136  4.19801
1034  128  4.202074
1035  129  4.206138
1036  126  4.210202
1037  124  4.214266
1038  134  4.21833
1039  135  4.222393
1040  118  4.226457
1041  132  4.230521
1042  127  4.234585
1043  150  4.238649
1044  123  4.242713
1045  130  4.246777
1046  117  4.250841
1047  133  4.254905
1048  128  4.258969
1049  131  4.263033
1050  150  4.267096
1051  146  4.27116
1052  143  4.275224
1053  159  4.279288
1054  148  4.283352
1055  180  4.287416
1056  188  4.29148
1057  208  4.295544
1058  196  4.299608
1059  223  4.303672
1060  238  4.307735
1061  252  4.311799
1062  266  4.315863
1063  276  4.319927
1064  298  4.323991
1065  342  4.328055
1066  353  4.332119
1067  406  4.336183
1068  440  4.340247
1069  498  4.344311
1070  479  4.348374
1071  504  4.352438
1072  526  4.356502
1073  613  4.360566
1074  625  4.36463
1075  608  4.368694
1076  667  4.372758
1077  766  4.376822
1078  730  4.380886
1079  743  4.38495
1080  779  4.389013
1081  768  4.393077
1082  745  4.397141
1083  767  4.401205
1084  768  4.405269
1085  713  4.409333
1086  715  4.413397
1087  691  4.417461
1088  663  4.421525
1089  637  4.425589
1090  621  4.429652
1091  577  4.433716
1092  518  4.43778
1093  529  4.441844
1094  437  4.445908
1095  444  4.449972
1096  409  4.454036
1097  386  4.4581
1098  351  4.462164
1099  322  4.466228
1100  303  4.470291
1101  274  4.474355
1102  247  4.478419
1103  240  4.482483
1104  215  4.486547
1105  204  4.490611
1106  197  4.494675
1107  200  4.498739
1108  165  4.502803
1109  176  4.506867
1110  156  4.51093
1111  145  4.514994
1112  140  4.519058
1113  154  4.523122
1114  124  4.527186
1115  140  4.53125
1116  138  4.535314
1117  123  4.539378
1118  128  4.543442
1119  122  4.547506
1120  133  4.55157
1121  132  4.555633
1122  141  4.559697
1123  153  4.563761
1124  146  4.567825
1125  120  4.571889
1126  139  4.575953
1127  127  4.580017
1128  141  4.584081
1129  148  4.588145
1130  121  4.592209
1131  117  4.596272
1132  135  4.600336
1133  146  4.6044
1134  131  4.608464
1135  122  4.612528
1136  124  4.616592
1137  156  4.620656
1138  126  4.62472
1139  154  4.628784
1140  146  4.632848
1141  138  4.636911
1142  137  4.640975
1143  150  4.645039
1144  142  4.649103
1145  166  4.653167
1146  167  4.657231
1147  168  4.661295
1148  219  4.665359
1149  208  4.669423
1150  252  4.673487
1151  239  4.67755
1152  274  4.681614
1153  296  4.685678
1154  329  4.689742
1155  340  4.693806
1156  350  4.69787
1157  393  4.701934
1158  464  4.705998
1159  478  4.710062
1160  516  4.714126
1161  534  4.718189
1162  637  4.722253
1163  650  4.726317
1164  686  4.730381
1165  737  4.734445
1166  756  4.738509
1167  794  4.742573
1168  795  4.746637
1169  824  4.750701
1170  920  4.754765
1171  858  4.758828
1172  898  4.762892
1173  857  4.766956
1174  927  4.77102
1175  898  4.775084
1176  963  4.779148
1177  912  4.783212
1178  903  4.787276
1179  894  4.79134
1180  858  4.795404
1181  841  4.799467
1182  788  4.803531
1183  725  4.807595
1184  696  4.811659
1185  683  4.815723
1186  615  4.819787
1187  555  4.823851
1188  533  4.827915
1189  524  4.831979
1190  482  4.836043
1191  438  4.840107
1192  378  4.84417
1193  342  4.848234
1194  335  4.852298
1195  295  4.856362
1196  287  4.860426
1197  222  4.86449
1198  248  4.868554
1199  211  4.872618
1200  222  4.876682
1201  212  4.880746
1202  178  4.884809
1203  151  4.888873
1204  169  4.892937
1205  152  4.897001
1206  127  4.901065
1207  147  4.905129
1208  146  4.909193
1209  131  4.913257
1210  129  4.917321
1211  139  4.921385
1212  110  4.925448
1213  124  4.929512
1214  134  4.933576
1215  136  4.93764
1216  133  4.941704
1217  116  4.945768
1218  125  4.949832
1219  107  4.953896
1220  139  4.95796
1221  120  4.962024
1222  118  4.966087
1223  116  4.970151
1224  124  4.974215
1225  110  4.978279
1226  138  4.982343
1227  144  4.986407
1228  126  4.990471
1229  119  4.994535
1230  152  4.998599
1231  125  5.002663
1232  137  5.006726
1233  153  5.01079
1234  134  5.014854
1235  133  5.018918
1236  137  5.022982
1237  150  5.027046
1238  152  5.03111
1239  158  5.035174
1240  175  5.039238
1241  181  5.043302
1242  177  5.047365
1243  205  5.051429
1244  219  5.055493
1245  215  5.059557
1246  240  5.063621
1247  269  5.067685
1248  304  5.071749
1249  292  5.075813
1250  342  5.079877
1251  388  5.083941
1252  448  5.088004
1253  447  5.092068
1254  527  5.096132
1255  555  5.100196
1256  650  5.10426
1257  668  5.108324
1258  672  5.112388
1259  712  5.116452
1260  768  5.120516
1261  800  5.12458
1262  945  5.128643
1263  897  5.132707
1264  932  5.136771
1265  961  5.140835
1266  1034  5.144899
1267  1013  5.148963
1268  1043  5.153027
1269  1103  5.157091
1270  1124  5.161155
1271  1078  5.165219
1272  1067  5.169283
1273  1062  5.173346
1274  1036  5.17741
1275  1031  5.181474
1276  987  5.185538
1277  990  5.189602
1278  997  5.193666
1279  978  5.19773
1280  868  5.201794
1281  817  5.205858
1282  782  5.209922
1283  706  5.213985
1284  720  5.218049
1285  633  5.222113
1286  588  5.226177
1287  568  5.230241
1288  499  5.234305
1289  442  5.238369
1290  417  5.242433
1291  371  5.246497
1292  362  5.250561
1293  329  5.254624
1294  296  5.258688
1295  286  5.262752
1296  268  5.266816
1297  224  5.27088
1298  207  5.274944
1299  219  5.279008
1300  197  5.283072
1301  172  5.287136
1302  178  5.2912
1303  140  5.295263
1304  142  5.299327
1305  138  5.303391
1306  137  5.307455
1307  134  5.311519
1308  115  5.315583
1309  114  5.319647
1310  131  5.323711
1311  137  5.327775
1312  103  5.331839
1313  136  5.335902
1314  114  5.339966
1315  112  5.34403
1316  125  5.348094
1317  108  5.352158
1318  119  5.356222
1319  109  5.360286
1320  129  5.36435
1321  136  5.368414
1322  114  5.372478
1323  119  5.376541
1324  128  5.380605
1325  114  5.384669
1326  113  5.388733
1327  130  5.392797
1328  114  5.396861
1329  137  5.400925
1330  130  5.404989
1331  124  5.409053
1332  133  5.413117
1333  138  5.41718
1334  151  5.421244
1335  135  5.425308
1336  149  5.429372
1337  135  5.433436
1338  181  5.4375
1339  162  5.441564
1340  183  5.445628
1341  216  5.449692
1342  218  5.453756
1343  238  5.45782
1344  240  5.461883
1345  258  5.465947
1346  298  5.470011
1347  320  5.474075
1348  316  5.478139
1349  362  5.482203
1350  418  5.486267
1351  438  5.490331
1352  481  5.494395
1353  575  5.498459
1354  605  5.502522
1355  675  5.506586
1356  705  5.51065
1357  726  5.514714
1358  749  5.518778
1359  837  5.522842
1360  907  5.526906
1361  1013  5.53097
1362  1015  5.535034
1363  1053  5.539098
1364  1094  5.543161
1365  1154  5.547225
1366  1213  5.551289
1367  1194  5.555353
1368  1217  5.559417
1369  1217  5.563481
1370  1297  5.567545
1371  1240  5.571609
1372  1345  5.575673
1373  1251  5.579737
1374  1288  5.5838
1375  1230  5.587864
1376  1210  5.591928
1377  1133  5.595992
1378  1062  5.600056
1379  1119  5.60412
1380  1049  5.608184
1381  1005  5.612248
1382  956  5.616312
1383  869  5.620376
1384  868  5.624439
1385  800  5.628503
1386  766  5.632567
1387  707  5.636631
1388  648  5.640695
1389  597  5.644759
1390  542  5.648823
1391  532  5.652887
1392  508  5.656951
1393  468  5.661015
1394  402  5.665078
1395  387  5.669142
1396  333  5.673206
1397  333  5.67727
1398  268  5.681334
1399  284  5.685398
1400  276  5.689462
1401  218  5.693526
1402  239  5.69759
1403  210  5.701654
1404  211  5.705717
1405  204  5.709781
1406  201  5.713845
1407  142  5.717909
1408  150  5.721973
1409  182  5.726037
1410  167  5.730101
1411  122  5.734165
1412  130  5.738229
1413  134  5.742293
1414  140  5.746357
1415  112  5.75042
1416  130  5.754484
1417  106  5.758548
1418  116  5.762612
1419  115  5.766676
1420  110  5.77074
1421  131  5.774804
1422  132  5.778868
1423  130  5.782932
1424  110  5.786996
1425  123  5.791059
1426  106  5.795123
1427  105  5.799187
1428  121  5.803251
1429  114  5.807315
1430  109  5.811379
1431  126  5.815443
1432  120  5.819507
1433  105  5.823571
1434  116  5.827635
1435  141  5.831698
1436  149  5.835762
1437  128  5.839826
1438  159  5.84389
1439  133  5.847954
1440  130  5.852018
1441  166  5.856082
1442  169  5.860146
1443  198  5.86421
1444  206  5.868274
1445  223  5.872337
1446  228  5.876401
1447  240  5.880465
1448  259  5.884529
1449  318  5.888593
1450  331  5.892657
1451  338  5.896721
1452  382  5.900785
1453  437  5.904849
1454  449  5.908913
1455  495  5.912976
1456  539  5.91704
1457  629  5.921104
1458  645  5.925168
1459  724  5.929232
1460  754  5.933296
1461  831  5.93736
1462  823  5.941424
1463  926  5.945488
1464  1038  5.949552
1465  992  5.953615
1466  1058  5.957679
1467  1119  5.961743
1468  1174  5.965807
1469  1150  5.969871
1470  1245  5.973935
1471  1286  5.977999
1472  1363  5.982063
1473  1385  5.986127
1474  1361  5.990191
1475  1439  5.994254
1476  1460  5.998318
1477  1447  6.002382
1478  1396  6.006446
1479  1451  6.01051
1480  1300  6.014574
1481  1233  6.018638
1482  1354  6.022702
1483  1308  6.026766
1484  1200  6.03083
1485  1156  6.034893
1486  1056  6.038957
1487  990  6.043021
1488  983  6.047085
1489  908  6.051149
1490  851  6.055213
1491  845  6.059277
1492  794  6.063341
1493  731  6.067405
1494  683  6.071469
1495  618  6.075533
1496  565  6.079596
1497  570  6.08366
1498  511  6.087724
1499  512  6.091788
1500  471  6.095852
1501  429  6.099916
1502  419  6.10398
1503  386  6.108044
1504  353  6.112108
1505  334  6.116172
1506  336  6.120235
1507  281  6.124299
1508  275  6.128363
1509  273  6.132427
1510  252  6.136491
1511  254  6.140555
1512  241  6.144619
1513  209  6.148683
1514  245  6.152747
1515  223  6.156811
1516  177  6.160874
1517  179  6.164938
1518  180  6.169002
1519  182  6.173066
1520  177  6.17713
1521  165  6.181194
1522  153  6.185258
1523  175  6.189322
1524  149  6.193386
1525  147  6.19745
1526  144  6.201513
1527  141  6.205577
1528  132  6.209641
1529  124  6.213705
1530  132  6.217769
1531  141  6.221833
1532  108  6.225897
1533  113  6.229961
1534  123  6.234025
1535  115  6.238089
1536  120  6.242152
1537  131  6.246216
1538  125  6.25028
1539  143  6.254344
1540  126  6.258408
1541  120  6.262472
1542  136  6.266536
1543  119  6.2706
1544  120  6.274664
1545  163  6.278728
1546  146  6.282791
1547  150  6.286855
1548  154  6.290919
1549  160  6.294983
1550  165  6.299047
1551  169  6.303111
1552  198  6.307175
1553  226  6.311239
1554  256  6.315303
1555  283  6.319367
1556  301  6.32343
1557  364  6.327494
1558  374  6.331558
1559  372  6.335622
1560  428  6.339686
1561  431  6.34375
1562  512  6.347814
1563  546  6.351878
1564  606  6.355942
1565  681  6.360006
1566  702  6.36407
1567  811  6.368133
1568  890  6.372197
1569  894  6.376261
1570  935  6.380325
1571  1054  6.384389
1572  1071  6.388453
1573  1234  6.392517
1574  1218  6.396581
1575  1273  6.400645
1576  1349  6.404709
1577  1454  6.408772
1578  1536  6.412836
1579  1559  6.4169
1580  1565  6.420964
1581  1688  6.425028
1582  1564  6.429092
1583  1621  6.433156
1584  1665  6.43722
1585  1678  6.441284
1586  1667  6.445348
1587  1658  6.449411
1588  1566  6.453475
1589  1552  6.457539
1590  1534  6.461603
1591  1363  6.465667
1592  1405  6.469731
1593  1339  6.473795
1594  1390  6.477859
1595  1211  6.481923
1596  1134  6.485987
1597  1107  6.49005
1598  1020  6.494114
1599  965  6.498178
1600  915  6.502242
1601  872  6.506306
1602  772  6.51037
1603  755  6.514434
1604  703  6.518498
1605  690  6.522562
1606  571  6.526626
1607  568  6.530689
1608  486  6.534753
1609  474  6.538817
1610  432  6.542881
1611  441  6.546945
1612  449  6.551009
1613  406  6.555073
1614  404  6.559137
1615  379  6.563201
1616  369  6.567265
1617  306  6.571328
1618  329  6.575392
1619  301  6.579456
1620  319  6.58352
1621  293  6.587584
1622  279  6.591648
1623  273  6.595712
1624  279  6.599776
1625  257  6.60384
1626  260  6.607904
1627  251  6.611967
1628  231  6.616031
1629  256  6.620095
1630  258  6.624159
1631  221  6.628223
1632  194  6.632287
1633  200  6.636351
1634  207  6.640415
1635  182  6.644479
1636  186  6.648543
1637  189  6.652607
1638  156  6.65667
1639  135  6.660734
1640  162  6.664798
1641  153  6.668862
1642  138  6.672926
1643  143  6.67699
1644  148  6.681054
1645  141  6.685118
1646  121  6.689182
1647  141  6.693246
1648  139  6.697309
1649  147  6.701373
1650  143  6.705437
1651  153  6.709501
1652  123  6.713565
1653  141  6.717629
1654  139  6.721693
1655  144  6.725757
1656  169  6.729821
1657  151  6.733885
1658  182  6.737948
1659  136  6.742012
1660  195  6.746076
1661  175  6.75014
1662  182  6.754204
1663  174  6.758268
1664  222  6.762332
1665  225  6.766396
1666  248  6.77046
1667  275  6.774524
1668  299  6.778587
1669  333  6.782651
1670  362  6.786715
1671  378  6.790779
1672  438  6.794843
1673  459  6.798907
1674  533  6.802971
1675  543  6.807035
1676  610  6.811099
1677  701  6.815163
1678  741  6.819226
1679  837  6.82329
1680  907  6.827354
1681  883  6.831418
1682  1004  6.835482
1683  1083  6.839546
1684  1128  6.84361
1685  1233  6.847674
1686  1281  6.851738
1687  1351  6.855802
1688  1440  6.859865
1689  1457  6.863929
1690  1561  6.867993
1691  1655  6.872057
1692  1697  6.876121
1693  1720  6.880185
1694  1734  6.884249
1695  1815  6.888313
1696  1903  6.892377
1697  1787  6.896441
1698  1804  6.900504
1699  1712  6.904568
1700  1778  6.908632
1701  1642  6.912696
1702  1668  6.91676
1703  1646  6.920824
1704  1640  6.924888
1705  1534  6.928952
1706  1401  6.933016
1707  1417  6.93708
1708  1273  6.941143
1709  1311  6.945207
1710  1185  6.949271
1711  1128  6.953335
1712  1028  6.957399
1713  993  6.961463
1714  835  6.965527
1715  916  6.969591
1716  831  6.973655
1717  720  6.977719
1718  660  6.981783
1719  659  6.985846
1720  560  6.98991
1721  511  6.993974
1722  516  6.998038
1723  475  7.002102
1724  449  7.006166
1725  430  7.01023
1726  432  7.014294
1727  415  7.018358
1728  372  7.022422
1729  354  7.026485
1730  342  7.030549
1731  328  7.034613
1732  315  7.038677
1733  326  7.042741
1734  284  7.046805
1735  315  7.050869
1736  318  7.054933
1737  290  7.058997
1738  334  7.063061
1739  320  7.067124
1740  323  7.071188
1741  313  7.075252
1742  310  7.079316
1743  296  7.08338
1744  286  7.087444
1745  307  7.091508
1746  298  7.095572
1747  278  7.099636
1748  307  7.1037
1749  314  7.107763
1750  274  7.111827
1751  259  7.115891
1752  269  7.119955
1753  244  7.124019
1754  265  7.128083
1755  275  7.132147
1756  236  7.136211
1757  221  7.140275
1758  241  7.144339
1759  190  7.148402
1760  195  7.152466
1761  206  7.15653
1762  173  7.160594
1763  168  7.164658
1764  155  7.168722
1765  182  7.172786
1766  145  7.17685
1767  159  7.180914
1768  163  7.184978
1769  148  7.189041
1770  159  7.193105
1771  167  7.197169
1772  180  7.201233
1773  178  7.205297
1774  177  7.209361
1775  156  7.213425
1776  191  7.217489
1777  185  7.221553
1778  207  7.225617
1779  193  7.22968
1780  211  7.233744
1781  237  7.237808
1782  243  7.241872
1783  282  7.245936
1784  310  7.25
1785  375  7.254064
1786  408  7.258128
1787  430  7.262192
1788  458  7.266256
1789  534  7.27032
1790  493  7.274383
1791  594  7.278447
1792  654  7.282511
1793  762  7.286575
1794  733  7.290639
1795  810  7.294703
1796  875  7.298767
1797  993  7.302831
1798  1075  7.306895
1799  1146  7.310959
1800  1181  7.315022
1801  1359  7.319086
1802  1308  7.32315
1803  1385  7.327214
1804  1546  7.331278
1805  1572  7.335342
1806  1728  7.339406
1807  1733  7.34347
1808  1816  7.347534
1809  1783  7.351598
1810  1941  7.355661
1811  1857  7.359725
1812  2001  7.363789
1813  1964  7.367853
1814  1989  7.371917
1815  1912  7.375981
1816  1942  7.380045
1817  1954  7.384109
1818  1948  7.388173
1819  1883  7.392237
1820  1882  7.3963
1821  1802  7.400364
1822  1675  7.404428
1823  1571  7.408492
1824  1642  7.412556
1825  1494  7.41662
1826  1463  7.420684
1827  1354  7.424748
1828  1293  7.428812
1829  1167  7.432876
1830  1101  7.436939
1831  1041  7.441003
1832  957  7.445067
1833  987  7.449131
1834  886  7.453195
1835  784  7.457259
1836  715  7.461323
1837  623  7.465387
1838  584  7.469451
1839  536  7.473515
1840  480  7.477578
1841  457  7.481642
1842  459  7.485706
1843  411  7.48977
1844  334  7.493834
1845  323  7.497898
1846  344  7.501962
1847  317  7.506026
1848  306  7.51009
1849  280  7.514154
1850  284  7.518217
1851  266  7.522281
1852  266  7.526345
1853  285  7.530409
1854  279  7.534473
1855  269  7.538537
1856  276  7.542601
1857  344  7.546665
1858  337  7.550729
1859  319  7.554793
1860  332  7.558857
1861  338  7.56292
1862  371  7.566984
1863  358  7.571048
1864  351  7.575112
1865  341  7.579176
1866  362  7.58324
1867  365  7.587304
1868  314  7.591368
1869  333  7.595432
1870  395  7.599496
1871  378  7.603559
1872  361  7.607623
1873  373  7.611687
1874  365  7.615751
1875  347  7.619815
1876  340  7.623879
1877  345  7.627943
1878  348  7.632007
1879  349  7.636071
1880  342  7.640135
1881  284  7.644198
1882  318  7.648262
1883  297  7.652326
1884  327  7.65639
1885  274  7.660454
1886  271  7.664518
1887  264  7.668582
1888  246  7.672646
1889  242  7.67671
1890  226  7.680774
1891  221  7.684837
1892  197  7.688901
1893  192  7.692965
1894  193  7.697029
1895  169  7.701093
1896  183  7.705157
1897  175  7.709221
1898  182  7.713285
1899  168  7.717349
1900  152  7.721413
1901  171  7.725476
1902  159  7.72954
1903  155  7.733604
1904  149  7.737668
1905  148  7.741732
1906  152  7.745796
1907  185  7.74986
1908  163  7.753924
1909  169  7.757988
1910  147  7.762052
1911  151  7.766115
1912  153  7.770179
1913  169  7.774243
1914  140  7.778307
1915  169  7.782371
1916  174  7.786435
1917  188  7.790499
1918  158  7.794563
1919  165  7.798627
1920  168  7.802691
1921  146  7.806754
1922  180  7.810818
1923  181  7.814882
1924  168  7.818946
1925  165  7.82301
1926  147  7.827074
1927  187  7.831138
1928  176  7.835202
1929  165  7.839266
1930  160  7.84333
1931  154  7.847393
1932  160  7.851457
1933  157  7.855521
1934  163  7.859585
1935  167  7.863649
1936  132  7.867713
1937  141  7.871777
1938  140  7.875841
1939  127  7.879905
1940  155  7.883969
1941  157  7.888033
1942  134  7.892096
1943  161  7.89616
1944  120  7.900224
1945  120  7.904288
1946  132  7.908352
1947  131  7.912416
1948  122  7.91648
1949  135  7.920544
1950  118  7.924608
1951  109  7.928672
1952  118  7.932735
1953  125  7.936799
1954  136  7.940863
1955  131  7.944927
1956  116  7.948991
1957  120  7.953055
1958  106  7.957119
1959  105  7.961183
1960  115  7.965247
1961  127  7.969311
1962  124  7.973374
1963  124  7.977438
1964  112  7.981502
1965  141  7.985566
1966  124  7.98963
1967  138  7.993694
1968  123  7.997758
1969  119  8.001822
1970  132  8.005886
1971  142  8.00995
1972  138  8.014013
1973  150  8.018077
1974  155  8.022141
1975  164  8.026205
1976  145  8.030269
1977  161  8.034333
1978  201  8.038397
1979  207  8.042461
1980  191  8.046525
1981  211  8.050589
1982  185  8.054652
1983  211  8.058716
1984  228  8.06278
1985  249  8.066844
1986  238  8.070908
1987  228  8.074972
1988  258  8.079036
1989  245  8.0831
1990  298  8.087164
1991  305  8.091228
1992  303  8.095291
1993  265  8.099355
1994  315  8.103419
1995  325  8.107483
1996  343  8.111547
1997  341  8.115611
1998  331  8.119675
1999  344  8.123739
2000  346  8.127803
2001  366  8.131867
2002  325  8.13593
2003  326  8.139994
2004  337  8.144058
2005  307  8.148122
2006  353  8.152186
2007  345  8.15625
2008  336  8.160314
2009  342  8.164378
2010  277  8.168442
2011  306  8.172506
2012  315  8.17657
2013  276  8.180633
2014  246  8.184697
2015  280  8.188761
2016  274  8.192825
2017  210  8.196889
2018  208  8.200953
2019  195  8.205017
2020  186  8.209081
2021  205  8.213145
2022  184  8.217209
2023  202  8.221272
2024  191  8.225336
2025  169  8.2294
2026  141  8.233464
2027  179  8.237528
2028  142  8.241592
2029  134  8.245656
2030  136  8.24972
2031  124  8.253784
2032  109  8.257848
2033  144  8.261911
2034  120  8.265975
2035  105  8.270039
2036  135  8.274103
2037  120  8.278167
2038  113  8.282231
2039  110  8.286295
2040  117  8.290359
2041  118  8.294423
2042  120  8.298487
2043  103  8.30255
2044  105  8.306614
2045  97  8.310678
2046  103  8.314742
2047  123  8.318806
2048  105  8.32287
2049  111  8.326934
2050  103  8.330998
2051  114  8.335062
2052  111  8.339126
2053  112  8.343189
2054  111  8.347253
2055  126  8.351317
2056  111  8.355381
2057  118  8.359445
2058  114  8.363509
2059  106  8.367573
2060  102  8.371637
2061  134  8.375701
2062  103  8.379765
2063  131  8.383828
2064  103  8.387892
2065  111  8.391956
2066  118  8.39602
2067  122  8.400084
2068  121  8.404148
2069  140  8.408212
2070  136  8.412276
2071  112  8.41634
2072  107  8.420404
2073  137  8.424467
2074  133  8.428531
2075  156  8.432595
2076  115  8.436659
2077  133  8.440723
2078  101  8.444787
2079  125  8.448851
2080  144  8.452915
2081  143  8.456979
2082  123  8.461043
2083  128  8.465107
2084  134  8.46917
2085  144  8.473234
2086  151  8.477298
2087  143  8.481362
2088  129  8.485426
2089  140  8.48949
2090  154  8.493554
2091  137  8.497618
2092  168  8.501682
2093  179  8.505746
2094  157  8.509809
2095  200  8.513873
2096  191  8.517937
2097  195  8.522001
2098  227  8.526065
2099  220  8.530129
2100  225  8.534193
2101  230  8.538257
2102  232  8.542321
2103  261  8.546385
2104  270  8.550448
2105  279  8.554512
2106  330  8.558576
2107  300  8.56264
2108  346  8.566704
2109  353  8.570768
2110  383  8.574832
2111  419  8.578896
2112  447  8.58296
2113  450  8.587024
2114  499  8.591087
2115  520  8.595151
2116  538  8.599215
2117  632  8.603279
2118  618  8.607343
2119  670  8.611407
2120  709  8.615471
2121  718  8.619535
2122  787  8.623599
2123  865  8.627663
2124  904  8.631726
2125  1001  8.63579
2126  960  8.639854
2127  1009  8.643918
2128  1074  8.647982
2129  1087  8.652046
2130  1118  8.65611
2131  1177  8.660174
2132  1171  8.664238
2133  1234  8.668302
2134  1338  8.672365
2135  1227  8.676429
2136  1309  8.680493
2137  1355  8.684557
2138  1309  8.688621
2139  1261  8.692685
2140  1286  8.696749
2141  1333  8.700813
2142  1288  8.704877
2143  1319  8.708941
2144  1276  8.713004
2145  1256  8.717068
2146  1295  8.721132
2147  1236  8.725196
2148  1213  8.72926
2149  1136  8.733324
2150  1209  8.737388
2151  1169  8.741452
2152  1111  8.745516
2153  1099  8.74958
2154  1063  8.753643
2155  1082  8.757707
2156  1049  8.761771
2157  1007  8.765835
2158  1016  8.769899
2159  1024  8.773963
2160  1012  8.778027
2161  1011  8.782091
2162  1074  8.786155
2163  1134  8.790219
2164  1047  8.794283
2165  1160  8.798346
2166  1186  8.80241
2167  1251  8.806474
2168  1250  8.810538
2169  1423  8.814602
2170  1495  8.818666
2171  1595  8.82273
2172  1564  8.826794
2173  1709  8.830858
2174  1843  8.834922
2175  1966  8.838985
2176  2171  8.843049
2177  2219  8.847113
2178  2387  8.851177
2179  2437  8.855241
2180  2615  8.859305
2181  2692  8.863369
2182  2777  8.867433
2183  3012  8.871497
2184  3040  8.875561
2185  3127  8.879624
2186  3225  8.883688
2187  3390  8.887752
2188  3439  8.891816
2189  3503  8.89588
2190  3481  8.899944
2191  3515  8.904008
2192  3576  8.908072
2193  3521  8.912136
2194  3566  8.9162
2195  3522  8.920263
2196  3483  8.924327
2197  3434  8.928391
2198  3451  8.932455
2199  3323  8.936519
2200  3215  8.940583
2201  3257  8.944647
2202  3057  8.948711
2203  2944  8.952775
2204  2932  8.956839
2205  2696  8.960902
2206  2618  8.964966
2207  2507  8.96903
2208  2341  8.973094
2209  2248  8.977158
2210  2050  8.981222
2211  1939  8.985286
2212  1834  8.98935
2213  1585  8.993414
2214  1529  8.997478
2215  1471  9.001541
2216  1325  9.005605
2217  1202  9.009669
2218  1091  9.013733
2219  1035  9.017797
2220  931  9.021861
2221  818  9.025925
2222  764  9.029989
2223  747  9.034053
2224  656  9.038117
2225  627  9.04218
2226  520  9.046244
2227  463  9.050308
2228  426  9.054372
2229  424  9.058436
2230  320  9.0625
2231  329  9.066564
2232  306  9.070628
2233  318  9.074692
2234  258  9.078756
2235  240  9.08282
2236  224  9.086883
2237  210  9.090947
2238  187  9.095011
2239  188  9.099075
2240  156  9.103139
2241  187  9.107203
2242  151  9.111267
2243  161  9.115331
2244  177  9.119395
2245  159  9.123459
2246  153  9.127522
2247  146  9.131586
2248  132  9.13565
2249  150  9.139714
2250  131  9.143778
2251  143  9.147842
2252  143  9.151906
2253  132  9.15597
2254  143  9.160034
2255  136  9.164098
2256  134  9.168161
2257  132  9.172225
2258  127  9.176289
2259  144  9.180353
2260  137  9.184417
2261  143  9.188481
2262  132  9.192545
2263  131  9.196609
2264  158  9.200673
2265  153  9.204737
2266  137  9.2088
2267  132  9.212864
2268  131  9.216928
2269  147  9.220992
2270  154  9.225056
2271  140  9.22912
2272  140  9.233184
2273  181  9.237248
2274  136  9.241312
2275  162  9.245376
2276  164  9.249439
2277  154  9.253503
2278  162  9.257567
2279  182  9.261631
2280  170  9.265695
2281  200  9.269759
2282  206  9.273823
2283  197  9.277887
2284  227  9.281951
2285  218  9.286015
2286  242  9.290078
2287  264  9.294142
2288  280  9.298206
2289  332  9.30227
2290  340  9.306334
2291  317  9.310398
2292  355  9.314462
2293  365  9.318526
2294  463  9.32259
2295  495  9.326654
2296  525  9.330717
2297  553  9.334781
2298  564  9.338845
2299  658  9.342909
2300  723  9.346973
2301  737  9.351037
2302  844  9.355101
2303  934  9.359165
2304  1027  9.363229
2305  1046  9.367293
2306  1149  9.371357
2307  1160  9.37542
2308  1252  9.379484
2309  1350  9.383548
2310  1474  9.387612
2311  1485  9.391676
2312  1621  9.39574
2313  1684  9.399804
2314  1844  9.403868
2315  1880  9.407932
2316  1905  9.411996
2317  2020  9.416059
2318  2105  9.420123
2319  2222  9.424187
2320  2266  9.428251
2321  2275  9.432315
2322  2424  9.436379
2323  2292  9.440443
2324  2421  9.444507
2325  2417  9.448571
2326  2497  9.452635
2327  2543  9.456698
2328  2539  9.460762
2329  2484  9.464826
2330  2394  9.46889
2331  2457  9.472954
2332  2320  9.477018
2333  2257  9.481082
2334  2379  9.485146
2335  2220  9.48921
2336  2114  9.493274
2337  2020  9.497337
2338  1873  9.501401
2339  1830  9.505465
2340  1806  9.509529
2341  1716  9.513593
2342  1569  9.517657
2343  1561  9.521721
2344  1391  9.525785
2345  1372  9.529849
2346  1273  9.533913
2347  1182  9.537976
2348  1128  9.54204
2349  1043  9.546104
2350  915  9.550168
2351  866  9.554232
2352  816  9.558296
2353  716  9.56236
2354  710  9.566424
2355  668  9.570488
2356  570  9.574552
2357  532  9.578615
2358  516  9.582679
2359  440  9.586743
2360  399  9.590807
2361  387  9.594871
2362  345  9.598935
2363  310  9.602999
2364  285  9.607063
2365  275  9.611127
2366  239  9.615191
2367  219  9.619254
2368  221  9.623318
2369  192  9.627382
2370  164  9.631446
2371  175  9.63551
2372  168  9.639574
2373  145  9.643638
2374  154  9.647702
2375  151  9.651766
2376  134  9.65583
2377  127  9.659893
2378  108  9.663957
2379  137  9.668021
2380  117  9.672085
2381  119  9.676149
2382  129  9.680213
2383  131  9.684277
2384  140  9.688341
2385  124  9.692405
2386  113  9.696469
2387  123  9.700533
2388  117  9.704596
2389  114  9.70866
2390  150  9.712724
2391  132  9.716788
2392  141  9.720852
2393  123  9.724916
2394  153  9.72898
2395  131  9.733044
2396  156  9.737108
2397  151  9.741172
2398  164  9.745235
2399  189  9.749299
2400  157  9.753363
2401  195  9.757427
2402  155  9.761491
2403  194  9.765555
2404  160  9.769619
2405  231  9.773683
2406  212  9.777747
2407  202  9.781811
2408  223  9.785874
2409  273  9.789938
2410  259  9.794002
2411  263  9.798066
2412  278  9.80213
2413  254  9.806194
2414  281  9.810258
2415  316  9.814322
2416  336  9.818386
2417  322  9.82245
2418  338  9.826513
2419  354  9.830577
2420  344  9.834641
2421  374  9.838705
2422  356  9.842769
2423  393  9.846833
2424  377  9.850897
2425  353  9.854961
2426  396  9.859025
2427  406  9.863089
2428  442  9.867152
2429  435  9.871216
2430  401  9.87528
2431  444  9.879344
2432  452  9.883408
2433  424  9.887472
2434  400  9.891536
2435  444  9.8956
2436  427  9.899664
2437  407  9.903728
2438  391  9.907791
2439  392  9.911855
2440  390  9.915919
2441  388  9.919983
2442  366  9.924047
2443  335  9.928111
2444  345  9.932175
2445  345  9.936239
2446  321  9.940303
2447  303  9.944367
2448  328  9.94843
2449  317  9.952494
2450  327  9.956558
2451  301  9.960622
2452  279  9.964686
2453  250  9.96875
2454  257  9.972814
2455  273  9.976878
2456  257  9.980942
2457  266  9.985006
2458  208  9.98907
2459  228  9.993133
2460  226  9.997197
2461  231  10.00126
2462  211  10.00533
2463  245  10.00939
2464  183  10.01345
2465  202  10.01752
2466  203  10.02158
2467  163  10.02564
2468  193  10.02971
2469  210  10.03377
2470  213  10.03784
2471  183  10.0419
2472  203  10.04596
2473  203  10.05003
2474  198  10.05409
2475  190  10.05816
2476  186  10.06222
2477  197  10.06628
2478  146  10.07035
2479  177  10.07441
2480  216  10.07848
2481  220  10.08254
2482  201  10.0866
2483  197  10.09067
2484  174  10.09473
2485  190  10.09879
2486  202  10.10286
2487  198  10.10692
2488  206  10.11099
2489  212  10.11505
2490  196  10.11911
2491  206  10.12318
2492  255  10.12724
2493  242  10.13131
2494  276  10.13537
2495  254  10.13943
2496  254  10.1435
2497  286  10.14756
2498  314  10.15163
2499  328  10.15569
2500  347  10.15975
2501  360  10.16382
2502  385  10.16788
2503  377  10.17195
2504  390  10.17601
2505  415  10.18007
2506  457  10.18414
2507  469  10.1882
2508  531  10.19226
2509  564  10.19633
2510  591  10.20039
2511  580  10.20446
2512  624  10.20852
2513  643  10.21258
2514  707  10.21665
2515  744  10.22071
2516  755  10.22478
2517  787  10.22884
2518  801  10.2329
2519  812  10.23697
2520  821  10.24103
2521  852  10.2451
2522  920  10.24916
2523  941  10.25322
2524  913  10.25729
2525  941  10.26135
2526  907  10.26541
2527  1002  10.26948
2528  1016  10.27354
2529  974  10.27761
2530  995  10.28167
2531  941  10.28573
2532  943  10.2898
2533  936  10.29386
2534  959  10.29793
2535  972  10.30199
2536  929  10.30605
2537  917  10.31012
2538  883  10.31418
2539  873  10.31825
2540  843  10.32231
2541  869  10.32637
2542  830  10.33044
2543  804  10.3345
2544  758  10.33857
2545  776  10.34263
2546  748  10.34669
2547  712  10.35076
2548  681  10.35482
2549  704  10.35888
2550  646  10.36295
2551  638  10.36701
2552  605  10.37108
2553  560  10.37514
2554  585  10.3792
2555  549  10.38327
2556  565  10.38733
2557  532  10.3914
2558  524  10.39546
2559  481  10.39952
2560  497  10.40359
2561  497  10.40765
2562  511  10.41172
2563  491  10.41578
2564  495  10.41984
2565  531  10.42391
2566  507  10.42797
2567  529  10.43203
2568  535  10.4361
2569  502  10.44016
2570  560  10.44423
2571  597  10.44829
2572  616  10.45235
2573  580  10.45642
2574  607  10.46048
2575  665  10.46455
2576  607  10.46861
2577  628  10.47267
2578  649  10.47674
2579  676  10.4808
2580  670  10.48487
2581  737  10.48893
2582  740  10.49299
2583  780  10.49706
2584  781  10.50112
2585  822  10.50518
2586  821  10.50925
2587  868  10.51331
2588  905  10.51738
2589  956  10.52144
2590  943  10.5255
2591  964  10.52957
2592  990  10.53363
2593  996  10.5377
2594  929  10.54176
2595  1002  10.54582
2596  1085  10.54989
2597  1057  10.55395
2598  1115  10.55802
2599  1081  10.56208
2600  1066  10.56614
2601  1127  10.57021
2602  1071  10.57427
2603  1141  10.57834
2604  1096  10.5824
2605  1130  10.58646
2606  1081  10.59053
2607  1125  10.59459
2608  1037  10.59865
2609  1100  10.60272
2610  1053  10.60678
2611  1060  10.61085
2612  1015  10.61491
2613  1038  10.61897
2614  1011  10.62304
2615  931  10.6271
2616  946  10.63117
2617  902  10.63523
2618  826  10.63929
2619  828  10.64336
2620  804  10.64742
2621  762  10.65149
2622  778  10.65555
2623  675  10.65961
2624  692  10.66368
2625  628  10.66774
2626  579  10.6718
2627  570  10.67587
2628  567  10.67993
2629  513  10.684
2630  522  10.68806
2631  466  10.69212
2632  447  10.69619
2633  444  10.70025
2634  385  10.70432
2635  388  10.70838
2636  382  10.71244
2637  356  10.71651
2638  313  10.72057
2639  313  10.72464
2640  287  10.7287
2641  297  10.73276
2642  281  10.73683
2643  283  10.74089
2644  217  10.74496
2645  231  10.74902
2646  248  10.75308
2647  241  10.75715
2648  186  10.76121
2649  184  10.76527
2650  232  10.76934
2651  199  10.7734
2652  168  10.77747
2653  180  10.78153
2654  195  10.78559
2655  181  10.78966
2656  184  10.79372
2657  182  10.79779
2658  177  10.80185
2659  167  10.80591
2660  161  10.80998
2661  167  10.81404
2662  181  10.81811
2663  165  10.82217
2664  162  10.82623
2665  147  10.8303
2666  151  10.83436
2667  153  10.83842
2668  160  10.84249
2669  158  10.84655
2670  169  10.85062
2671  134  10.85468
2672  160  10.85874
2673  165  10.86281
2674  145  10.86687
2675  159  10.87094
2676  132  10.875
2677  157  10.87906
2678  148  10.88313
2679  157  10.88719
2680  145  10.89126
2681  152  10.89532
2682  152  10.89938
2683  164  10.90345
2684  130  10.90751
2685  158  10.91158
2686  145  10.91564
2687  151  10.9197
2688  151  10.92377
2689  135  10.92783
2690  135  10.93189
2691  145  10.93596
2692  139  10.94002
2693  190  10.94409
2694  145  10.94815
2695  142  10.95221
2696  156  10.95628
2697  138  10.96034
2698  120  10.96441
2699  160  10.96847
2700  127  10.97253
2701  157  10.9766
2702  141  10.98066
2703  151  10.98473
2704  144  10.98879
2705  142  10.99285
2706  113  10.99692
2707  106  11.00098
2708  141  11.00504
2709  136  11.00911
2710  139  11.01317
2711  120  11.01724
2712  166  11.0213
2713  155  11.02536
2714  124  11.02943
2715  145  11.03349
2716  139  11.03756
2717  131  11.04162
2718  139  11.04568
2719  122  11.04975
2720  124  11.05381
2721  142  11.05788
2722  120  11.06194
2723  135  11.066
2724  134  11.07007
2725  141  11.07413
2726  125  11.0782
2727  138  11.08226
2728  136  11.08632
2729  125  11.09039
2730  140  11.09445
2731  131  11.09851
2732  121  11.10258
2733  109  11.10664
2734  132  11.11071
2735  138  11.11477
2736  129  11.11883
2737  133  11.1229
2738  134  11.12696
2739  115  11.13103
2740  156  11.13509
2741  148  11.13915
2742  150  11.14322
2743  137  11.14728
2744  152  11.15135
2745  151  11.15541
2746  130  11.15947
2747  126  11.16354
2748  159  11.1676
2749  151  11.17166
2750  131  11.17573
2751  158  11.17979
2752  158  11.18386
2753  141  11.18792
2754  153  11.19198
2755  140  11.19605
2756  143  11.20011
2757  148  11.20418
2758  151  11.20824
2759  152  11.2123
2760  148  11.21637
2761  171  11.22043
2762  139  11.2245
2763  147  11.22856
2764  136  11.23262
2765  142  11.23669
2766  146  11.24075
2767  166  11.24482
2768  141  11.24888
2769  181  11.25294
2770  193  11.25701
2771  160  11.26107
2772  168  11.26513
2773  147  11.2692
2774  154  11.27326
2775  167  11.27733
2776  156  11.28139
2777  170  11.28545
2778  148  11.28952
2779  157  11.29358
2780  160  11.29765
2781  163  11.30171
2782  147  11.30577
2783  166  11.30984
2784  158  11.3139
2785  162  11.31797
2786  163  11.32203
2787  190  11.32609
2788  167  11.33016
2789  157  11.33422
2790  160  11.33828
2791  154  11.34235
2792  168  11.34641
2793  153  11.35048
2794  159  11.35454
2795  170  11.3586
2796  151  11.36267
2797  149  11.36673
2798  170  11.3708
2799  180  11.37486
2800  171  11.37892
2801  170  11.38299
2802  162  11.38705
2803  177  11.39112
2804  151  11.39518
2805  163  11.39924
2806  178  11.40331
2807  155  11.40737
2808  150  11.41143
2809  174  11.4155
2810  182  11.41956
2811  177  11.42363
2812  161  11.42769
2813  145  11.43175
2814  202  11.43582
2815  164  11.43988
2816  180  11.44395
2817  187  11.44801
2818  152  11.45207
2819  169  11.45614
2820  191  11.4602
2821  164  11.46427
2822  172  11.46833
2823  166  11.47239
2824  167  11.47646
2825  163  11.48052
2826  162  11.48459
2827  174  11.48865
2828  181  11.49271
2829  173  11.49678
2830  171  11.50084
2831  180  11.5049
2832  166  11.50897
2833  156  11.51303
2834  157  11.5171
2835  176  11.52116
2836  156  11.52522
2837  172  11.52929
2838  149  11.53335
2839  174  11.53742
2840  169  11.54148
2841  199  11.54554
2842  147  11.54961
2843  164  11.55367
2844  190  11.55774
2845  210  11.5618
2846  178  11.56586
2847  208  11.56993
2848  179  11.57399
2849  205  11.57805
2850  181  11.58212
2851  195  11.58618
2852  201  11.59025
2853  196  11.59431
2854  223  11.59837
2855  240  11.60244
2856  193  11.6065
2857  228  11.61057
2858  244  11.61463
2859  227  11.61869
2860  262  11.62276
2861  292  11.62682
2862  267  11.63089
2863  286  11.63495
2864  314  11.63901
2865  322  11.64308
2866  343  11.64714
2867  354  11.65121
2868  335  11.65527
2869  400  11.65933
2870  409  11.6634
2871  428  11.66746
2872  439  11.67152
2873  486  11.67559
2874  570  11.67965
2875  585  11.68372
2876  566  11.68778
2877  639  11.69184
2878  730  11.69591
2879  828  11.69997
2880  810  11.70404
2881  881  11.7081
2882  891  11.71216
2883  1020  11.71623
2884  1010  11.72029
2885  1129  11.72436
2886  1229  11.72842
2887  1240  11.73248
2888  1356  11.73655
2889  1357  11.74061
2890  1447  11.74467
2891  1566  11.74874
2892  1620  11.7528
2893  1680  11.75687
2894  1826  11.76093
2895  1927  11.76499
2896  1997  11.76906
2897  1949  11.77312
2898  2187  11.77719
2899  2155  11.78125
2900  2278  11.78531
2901  2264  11.78938
2902  2354  11.79344
2903  2417  11.79751
2904  2419  11.80157
2905  2545  11.80563
2906  2554  11.8097
2907  2625  11.81376
2908  2530  11.81783
2909  2520  11.82189
2910  2625  11.82595
2911  2657  11.83002
2912  2709  11.83408
2913  2642  11.83814
2914  2558  11.84221
2915  2535  11.84627
2916  2567  11.85034
2917  2526  11.8544
2918  2486  11.85846
2919  2318  11.86253
2920  2368  11.86659
2921  2282  11.87066
2922  2252  11.87472
2923  2185  11.87878
2924  2133  11.88285
2925  2018  11.88691
2926  1942  11.89098
2927  1863  11.89504
2928  1866  11.8991
2929  1772  11.90317
2930  1674  11.90723
2931  1557  11.91129
2932  1411  11.91536
2933  1394  11.91942
2934  1369  11.92349
2935  1303  11.92755
2936  1203  11.93161
2937  1113  11.93568
2938  1066  11.93974
2939  997  11.94381
2940  917  11.94787
2941  927  11.95193
2942  873  11.956
2943  794  11.96006
2944  763  11.96413
2945  708  11.96819
2946  695  11.97225
2947  635  11.97632
2948  559  11.98038
2949  596  11.98445
2950  532  11.98851
2951  517  11.99257
2952  458  11.99664
2953  428  12.0007
2954  422  12.00476
2955  462  12.00883
2956  406  12.01289
2957  385  12.01696
2958  395  12.02102
2959  392  12.02508
2960  376  12.02915
2961  329  12.03321
2962  342  12.03728
2963  338  12.04134
2964  350  12.0454
2965  312  12.04947
2966  306  12.05353
2967  300  12.0576
2968  303  12.06166
2969  337  12.06572
2970  307  12.06979
2971  296  12.07385
2972  259  12.07791
2973  266  12.08198
2974  282  12.08604
2975  293  12.09011
2976  291  12.09417
2977  247  12.09823
2978  287  12.1023
2979  293  12.10636
2980  281  12.11043
2981  287  12.11449
2982  294  12.11855
2983  308  12.12262
2984  316  12.12668
2985  307  12.13075
2986  321  12.13481
2987  324  12.13887
2988  294  12.14294
2989  327  12.147
2990  303  12.15107
2991  324  12.15513
2992  325  12.15919
2993  304  12.16326
2994  370  12.16732
2995  311  12.17138
2996  319  12.17545
2997  303  12.17951
2998  348  12.18358
2999  286  12.18764
3000  356  12.1917
3001  343  12.19577
3002  323  12.19983
3003  320  12.2039
3004  298  12.20796
3005  359  12.21202
3006  384  12.21609
3007  420  12.22015
3008  387  12.22422
3009  359  12.22828
3010  350  12.23234
3011  416  12.23641
3012  401  12.24047
3013  414  12.24453
3014  417  12.2486
3015  446  12.25266
3016  407  12.25673
3017  442  12.26079
3018  414  12.26485
3019  439  12.26892
3020  487  12.27298
3021  487  12.27705
3022  435  12.28111
3023  469  12.28517
3024  514  12.28924
3025  497  12.2933
3026  453  12.29737
3027  489  12.30143
3028  452  12.30549
3029  479  12.30956
3030  501  12.31362
3031  502  12.31768
3032  478  12.32175
3033  509  12.32581
3034  493  12.32988
3035  530  12.33394
3036  497  12.338
3037  510  12.34207
3038  546  12.34613
3039  515  12.3502
3040  483  12.35426
3041  524  12.35832
3042  537  12.36239
3043  496  12.36645
3044  491  12.37052
3045  517  12.37458
3046  572  12.37864
3047  491  12.38271
3048  504  12.38677
3049  543  12.39084
3050  480  12.3949
3051  482  12.39896
3052  489  12.40303
3053  476  12.40709
3054  572  12.41115
3055  488  12.41522
3056  534  12.41928
3057  499  12.42335
3058  506  12.42741
3059  501  12.43147
3060  458  12.43554
3061  512  12.4396
3062  513  12.44367
3063  506  12.44773
3064  553  12.45179
3065  490  12.45586
3066  556  12.45992
3067  485  12.46399
3068  505  12.46805
3069  512  12.47211
3070  511  12.47618
3071  499  12.48024
3072  526  12.4843
3073  498  12.48837
3074  541  12.49243
3075  514  12.4965
3076  515  12.50056
3077  518  12.50462
3078  533  12.50869
3079  537  12.51275
3080  538  12.51682
3081  553  12.52088
3082  550  12.52494
3083  585  12.52901
3084  568  12.53307
3085  570  12.53714
3086  579  12.5412
3087  604  12.54526
3088  580  12.54933
3089  584  12.55339
3090  640  12.55746
3091  596  12.56152
3092  564  12.56558
3093  611  12.56965
3094  638  12.57371
3095  625  12.57777
3096  655  12.58184
3097  637  12.5859
3098  628  12.58997
3099  653  12.59403
3100  647  12.59809
3101  666  12.60216
3102  680  12.60622
3103  682  12.61029
3104  699  12.61435
3105  682  12.61841
3106  696  12.62248
3107  669  12.62654
3108  718  12.63061
3109  720  12.63467
3110  680  12.63873
3111  738  12.6428
3112  727  12.64686
3113  751  12.65092
3114  727  12.65499
3115  767  12.65905
3116  774  12.66312
3117  777  12.66718
3118  745  12.67124
3119  818  12.67531
3120  739  12.67937
3121  794  12.68344
3122  780  12.6875
3123  838  12.69156
3124  822  12.69563
3125  806  12.69969
3126  867  12.70376
3127  836  12.70782
3128  837  12.71188
3129  833  12.71595
3130  862  12.72001
3131  910  12.72408
3132  907  12.72814
3133  881  12.7322
3134  909  12.73627
3135  866  12.74033
3136  825  12.74439
3137  940  12.74846
3138  914  12.75252
3139  914  12.75659
3140  886  12.76065
3141  936  12.76471
3142  918  12.76878
3143  979  12.77284
3144  963  12.77691
3145  928  12.78097
3146  1008  12.78503
3147  969  12.7891
3148  937  12.79316
3149  1038  12.79723
3150  974  12.80129
3151  1034  12.80535
3152  1043  12.80942
3153  1074  12.81348
3154  1029  12.81754
3155  1057  12.82161
3156  1090  12.82567
3157  1091  12.82974
3158  1084  12.8338
3159  1077  12.83786
3160  1120  12.84193
3161  1110  12.84599
3162  1106  12.85006
3163  1174  12.85412
3164  1158  12.85818
3165  1144  12.86225
3166  1166  12.86631
3167  1153  12.87038
3168  1151  12.87444
3169  1233  12.8785
3170  1165  12.88257
3171  1269  12.88663
3172  1199  12.8907
3173  1227  12.89476
3174  1232  12.89882
3175  1242  12.90289
3176  1244  12.90695
3177  1339  12.91101
3178  1320  12.91508
3179  1310  12.91914
3180  1348  12.92321
3181  1358  12.92727
3182  1420  12.93133
3183  1423  12.9354
3184  1401  12.93946
3185  1380  12.94353
3186  1430  12.94759
3187  1455  12.95165
3188  1427  12.95572
3189  1445  12.95978
3190  1477  12.96385
3191  1481  12.96791
3192  1612  12.97197
3193  1548  12.97604
3194  1568  12.9801
3195  1611  12.98416
3196  1633  12.98823
3197  1618  12.99229
3198  1566  12.99636
3199  1693  13.00042
3200  1596  13.00448
3201  1688  13.00855
3202  1712  13.01261
3203  1686  13.01668
3204  1696  13.02074
3205  1743  13.0248
3206  1740  13.02887
3207  1788  13.03293
3208  1814  13.037
3209  1802  13.04106
3210  1743  13.04512
3211  1848  13.04919
3212  1835  13.05325
3213  1891  13.05732
3214  1944  13.06138
3215  1928  13.06544
3216  1983  13.06951
3217  2074  13.07357
3218  2034  13.07763
3219  1983  13.0817
3220  2060  13.08576
3221  2045  13.08983
3222  2066  13.09389
3223  2170  13.09795
3224  2128  13.10202
3225  2245  13.10608
3226  2256  13.11015
3227  2245  13.11421
3228  2318  13.11827
3229  2370  13.12234
3230  2321  13.1264
3231  2452  13.13047
3232  2343  13.13453
3233  2468  13.13859
3234  2431  13.14266
3235  2483  13.14672
3236  2439  13.15078
3237  2573  13.15485
3238  2529  13.15891
3239  2648  13.16298
3240  2621  13.16704
3241  2634  13.1711
3242  2710  13.17517
3243  2620  13.17923
3244  2717  13.1833
3245  2568  13.18736
3246  2772  13.19142
3247  2820  13.19549
3248  2856  13.19955
3249  2838  13.20362
3250  2814  13.20768
3251  2791  13.21174
3252  2890  13.21581
3253  2810  13.21987
3254  2952  13.22393
3255  2852  13.228
3256  2843  13.23206
3257  2968  13.23613
3258  2924  13.24019
3259  2952  13.24425
3260  2988  13.24832
3261  2942  13.25238
3262  3156  13.25645
3263  3097  13.26051
3264  3074  13.26457
3265  3048  13.26864
3266  3117  13.2727
3267  3179  13.27677
3268  3124  13.28083
3269  3155  13.28489
3270  3252  13.28896
3271  3158  13.29302
3272  3180  13.29709
3273  3284  13.30115
3274  3262  13.30521
3275  3262  13.30928
3276  3347  13.31334
3277  3435  13.3174
3278  3356  13.32147
3279  3477  13.32553
3280  3361  13.3296
3281  3597  13.33366
3282  3519  13.33772
3283  3563  13.34179
3284  3681  13.34585
3285  3666  13.34992
3286  3686  13.35398
3287  3741  13.35804
3288  3810  13.36211
3289  3899  13.36617
3290  3826  13.37024
3291  3914  13.3743
3292  3885  13.37836
3293  4098  13.38243
3294  4149  13.38649
3295  4136  13.39055
3296  4189  13.39462
3297  4128  13.39868
3298  4257  13.40275
3299  4309  13.40681
3300  4390  13.41087
3301  4456  13.41494
3302  4577  13.419
3303  4761  13.42307
3304  4725  13.42713
3305  4945  13.43119
3306  4813  13.43526
3307  4903  13.43932
3308  5035  13.44339
3309  5158  13.44745
3310  5126  13.45151
3311  5363  13.45558
3312  5283  13.45964
3313  5387  13.46371
3314  5498  13.46777
3315  5598  13.47183
3316  5767  13.4759
3317  5743  13.47996
3318  5884  13.48402
3319  6041  13.48809
3320  6077  13.49215
3321  6218  13.49622
3322  6369  13.50028
3323  6589  13.50434
3324  6713  13.50841
3325  6705  13.51247
3326  6831  13.51654
3327  7012  13.5206
3328  6979  13.52466
3329  7346  13.52873
3330  7335  13.53279
3331  7358  13.53686
3332  7618  13.54092
3333  7561  13.54498
3334  7952  13.54905
3335  8009  13.55311
3336  8229  13.55717
3337  8367  13.56124
3338  8446  13.5653
3339  8485  13.56937
3340  8662  13.57343
3341  8797  13.57749
3342  9079  13.58156
3343  9305  13.58562
3344  9354  13.58969
3345  9566  13.59375
3346  9745  13.59781
3347  9897  13.60188
3348  10210  13.60594
3349  10201  13.61001
3350  10386  13.61407
3351  10532  13.61813
3352  10765  13.6222
3353  10783  13.62626
3354  10937  13.63033
3355  11265  13.63439
3356  11200  13.63845
3357  11558  13.64252
3358  11852  13.64658
3359  11851  13.65064
3360  12203  13.65471
3361  12434  13.65877
3362  12540  13.66284
3363  12621  13.6669
3364  12828  13.67096
3365  13235  13.67503
3366  13347  13.67909
3367  13540  13.68316
3368  13902  13.68722
3369  13772  13.69128
3370  14175  13.69535
3371  14170  13.69941
3372  14241  13.70348
3373  14533  13.70754
3374  14873  13.7116
3375  15026  13.71567
3376  15322  13.71973
3377  15228  13.72379
3378  15558  13.72786
3379  15748  13.73192
3380  15881  13.73599
3381  16341  13.74005
3382  16155  13.74411
3383  16376  13.74818
3384  16815  13.75224
3385  16622  13.75631
3386  17087  13.76037
3387  17341  13.76443
3388  17214  13.7685
3389  17344  13.77256
3390  17580  13.77663
3391  17653  13.78069
3392  17914  13.78475
3393  18150  13.78882
3394  18297  13.79288
3395  18425  13.79695
3396  18543  13.80101
3397  18906  13.80507
3398  18729  13.80914
3399  19265  13.8132
3400  18984  13.81726
3401  19132  13.82133
3402  19313  13.82539
3403  19726  13.82946
3404  19500  13.83352
3405  19870  13.83758
3406  19814  13.84165
3407  19875  13.84571
3408  20034  13.84978
3409  20329  13.85384
3410  20328  13.8579
3411  20472  13.86197
3412  20630  13.86603
3413  20786  13.8701
3414  20846  13.87416
3415  20722  13.87822
3416  21054  13.88229
3417  21048  13.88635
3418  21051  13.89041
3419  21053  13.89448
3420  21417  13.89854
3421  21346  13.90261
3422  21351  13.90667
3423  21348  13.91073
3424  21521  13.9148
3425  21484  13.91886
3426  21598  13.92293
3427  21588  13.92699
3428  21577  13.93105
3429  21720  13.93512
3430  21731  13.93918
3431  21880  13.94325
3432  21736  13.94731
3433  22056  13.95137
3434  22009  13.95544
3435  21936  13.9595
3436  22124  13.96357
3437  22011  13.96763
3438  21929  13.97169
3439  22264  13.97576
3440  21640  13.97982
3441  21867  13.98388
3442  22066  13.98795
3443  21910  13.99201
3444  21765  13.99608
3445  22147  14.00014
3446  22298  14.0042
3447  22130  14.00827
3448  22054  14.01233
3449  22237  14.0164
3450  21937  14.02046
3451  21994  14.02452
3452  22124  14.02859
3453  22128  14.03265
3454  21985  14.03672
3455  21862  14.04078
3456  22269  14.04484
3457  21762  14.04891
3458  21875  14.05297
3459  21805  14.05703
3460  21848  14.0611
3461  21724  14.06516
3462  21903  14.06923
3463  21811  14.07329
3464  21763  14.07735
3465  21712  14.08142
3466  21599  14.08548
3467  21344  14.08955
3468  21668  14.09361
3469  21490  14.09767
3470  21447  14.10174
3471  21332  14.1058
3472  21325  14.10987
3473  21330  14.11393
3474  21161  14.11799
3475  20991  14.12206
3476  20712  14.12612
3477  20668  14.13018
3478  20721  14.13425
3479  20791  14.13831
3480  20570  14.14238
3481  20416  14.14644
3482  20413  14.1505
3483  20396  14.15457
3484  20292  14.15863
3485  20158  14.1627
3486  20032  14.16676
3487  19935  14.17082
3488  19692  14.17489
3489  19886  14.17895
3490  19721  14.18302
3491  19460  14.18708
3492  19167  14.19114
3493  19667  14.19521
3494  18974  14.19927
3495  18717  14.20334
3496  18749  14.2074
3497  18788  14.21146
3498  18295  14.21553
3499  18234  14.21959
3500  18068  14.22365
3501  18185  14.22772
3502  18046  14.23178
3503  18235  14.23585
3504  18009  14.23991
3505  17633  14.24397
3506  17291  14.24804
3507  17316  14.2521
3508  17070  14.25617
3509  17084  14.26023
3510  17008  14.26429
3511  16990  14.26836
3512  16515  14.27242
3513  16621  14.27649
3514  16446  14.28055
3515  16255  14.28461
3516  16294  14.28868
3517  16095  14.29274
3518  16020  14.2968
3519  15968  14.30087
3520  15980  14.30493
3521  15841  14.309
3522  15823  14.31306
3523  15805  14.31712
3524  15925  14.32119
3525  15871  14.32525
3526  15839  14.32932
3527  15738  14.33338
3528  15781  14.33744
3529  15863  14.34151
3530  15813  14.34557
3531  15824  14.34964
3532  16156  14.3537
3533  16087  14.35776
3534  16272  14.36183
3535  16431  14.36589
3536  16573  14.36996
3537  16656  14.37402
3538  16760  14.37808
3539  16975  14.38215
3540  16962  14.38621
3541  17395  14.39027
3542  17106  14.39434
3543  17542  14.3984
3544  17756  14.40247
3545  17742  14.40653
3546  18053  14.41059
3547  18055  14.41466
3548  18341  14.41872
3549  18140  14.42279
3550  18619  14.42685
3551  18720  14.43091
3552  18946  14.43498
3553  18970  14.43904
3554  19090  14.44311
3555  19169  14.44717
3556  18917  14.45123
3557  19264  14.4553
3558  18947  14.45936
3559  19008  14.46342
3560  19026  14.46749
3561  19056  14.47155
3562  18770  14.47562
3563  18726  14.47968
3564  18436  14.48374
3565  18567  14.48781
3566  18193  14.49187
3567  18023  14.49594
3568  17985  14.5
3569  17589  14.50406
3570  17443  14.50813
3571  17179  14.51219
3572  16747  14.51626
3573  16556  14.52032
3574  15981  14.52438
3575  15724  14.52845
3576  15510  14.53251
3577  14905  14.53658
3578  14289  14.54064
3579  14006  14.5447
3580  13509  14.54877
3581  13023  14.55283
3582  12591  14.55689
3583  12074  14.56096
3584  11427  14.56502
3585  11086  14.56909
3586  10570  14.57315
3587  10274  14.57721
3588  9696  14.58128
3589  9131  14.58534
3590  8612  14.58941
3591  8132  14.59347
3592  7684  14.59753
3593  7163  14.6016
3594  6774  14.60566
3595  6207  14.60973
3596  5974  14.61379
3597  5605  14.61785
3598  5183  14.62192
3599  4833  14.62598
3600  4438  14.63004
3601  4076  14.63411
3602  3841  14.63817
3603  3609  14.64224
3604  3303  14.6463
3605  2990  14.65036
3606  2702  14.65443
3607  2522  14.65849
3608  2255  14.66256
3609  2098  14.66662
3610  1938  14.67068
3611  1731  14.67475
3612  1640  14.67881
3613  1412  14.68288
3614  1279  14.68694
3615  1154  14.691
3616  1027  14.69507
3617  945  14.69913
3618  856  14.7032
3619  761  14.70726
3620  694  14.71132
3621  637  14.71539
3622  620  14.71945
3623  566  14.72351
3624  468  14.72758
3625  500  14.73164
3626  449  14.73571
3627  414  14.73977
3628  393  14.74383
3629  337  14.7479
3630  290  14.75196
3631  327  14.75603
3632  274  14.76009
3633  233  14.76415
3634  258  14.76822
3635  230  14.77228
3636  228  14.77635
3637  198  14.78041
3638  205  14.78447
3639  189  14.78854
3640  165  14.7926
3641  198  14.79666
3642  160  14.80073
3643  146  14.80479
3644  176  14.80886
3645  174  14.81292
3646  134  14.81698
3647  157  14.82105
3648  160  14.82511
3649  151  14.82918
3650  134  14.83324
3651  137  14.8373
3652  135  14.84137
3653  122  14.84543
3654  104  14.8495
3655  130  14.85356
3656  113  14.85762
3657  130  14.86169
3658  126  14.86575
3659  121  14.86982
3660  122  14.87388
3661  106  14.87794
3662  125  14.88201
3663  106  14.88607
3664  119  14.89013
3665  112  14.8942
3666  132  14.89826
3667  103  14.90233
3668  107  14.90639
3669  95  14.91045
3670  87  14.91452
3671  85  14.91858
3672  106  14.92265
3673  92  14.92671
3674  92  14.93077
3675  102  14.93484
3676  90  14.9389
3677  100  14.94297
3678  85  14.94703
3679  88  14.95109
3680  82  14.95516
3681  92  14.95922
3682  77  14.96328
3683  88  14.96735
3684  93  14.97141
3685  94  14.97548
3686  73  14.97954
3687  83  14.9836
3688  85  14.98767
3689  72  14.99173
3690  74  14.9958
3691  80  14.99986
3692  88  15.00392
3693  69  15.00799
3694  92  15.01205
3695  82  15.01612
3696  88  15.02018
3697  86  15.02424
3698  65  15.02831
3699  81  15.03237
3700  82  15.03643
3701  78  15.0405
3702  62  15.04456
3703  82  15.04863
3704  77  15.05269
3705  63  15.05675
3706  89  15.06082
3707  64  15.06488
3708  69  15.06895
3709  60  15.07301
3710  79  15.07707
3711  58  15.08114
3712  54  15.0852
3713  67  15.08927
3714  63  15.09333
3715  79  15.09739
3716  69  15.10146
3717  80  15.10552
3718  67  15.10959
3719  79  15.11365
3720  58  15.11771
3721  75  15.12178
3722  65  15.12584
3723  63  15.1299
3724  81  15.13397
3725  68  15.13803
3726  59  15.1421
3727  70  15.14616
3728  61  15.15022
3729  61  15.15429
3730  77  15.15835
3731  55  15.16242
3732  70  15.16648
3733  65  15.17054
3734  67  15.17461
3735  68  15.17867
3736  57  15.18274
3737  53  15.1868
3738  49  15.19086
3739  47  15.19493
3740  46  15.19899
3741  71  15.20305
3742  59  15.20712
3743  61  15.21118
3744  45  15.21525
3745  66  15.21931
3746  50  15.22337
3747  53  15.22744
3748  64  15.2315
3749  46  15.23557
3750  67  15.23963
3751  54  15.24369
3752  62  15.24776
3753  52  15.25182
3754  68  15.25589
3755  46  15.25995
3756  53  15.26401
3757  50  15.26808
3758  44  15.27214
3759  39  15.27621
3760  39  15.28027
3761  56  15.28433
3762  35  15.2884
3763  62  15.29246
3764  55  15.29652
3765  60  15.30059
3766  54  15.30465
3767  56  15.30872
3768  50  15.31278
3769  44  15.31684
3770  44  15.32091
3771  49  15.32497
3772  53  15.32904
3773  41  15.3331
3774  47  15.33716
3775  42  15.34123
3776  61  15.34529
3777  43  15.34936
3778  38  15.35342
3779  41  15.35748
3780  50  15.36155
3781  57  15.36561
3782  49  15.36967
3783  45  15.37374
3784  48  15.3778
3785  45  15.38187
3786  49  15.38593
3787  50  15.38999
3788  43  15.39406
3789  48  15.39812
3790  39  15.40219
3791  30  15.40625
3792  38  15.41031
3793  48  15.41438
3794  51  15.41844
3795  59  15.42251
3796  41  15.42657
3797  42  15.43063
3798  35  15.4347
3799  42  15.43876
3800  30  15.44283
3801  38  15.44689
3802  47  15.45095
3803  58  15.45502
3804  46  15.45908
3805  39  15.46314
3806  48  15.46721
3807  39  15.47127
3808  33  15.47534
3809  45  15.4794
3810  42  15.48346
3811  43  15.48753
3812  46  15.49159
3813  32  15.49566
3814  38  15.49972
3815  49  15.50378
3816  44  15.50785
3817  38  15.51191
3818  38  15.51598
3819  39  15.52004
3820  45  15.5241
3821  40  15.52817
3822  27  15.53223
3823  42  15.53629
3824  32  15.54036
3825  31  15.54442
3826  43  15.54849
3827  38  15.55255
3828  37  15.55661
3829  41  15.56068
3830  34  15.56474
3831  32  15.56881
3832  34  15.57287
3833  40  15.57693
3834  45  15.581
3835  37  15.58506
3836  41  15.58913
3837  41  15.59319
3838  43  15.59725
3839  37  15.60132
3840  38  15.60538
3841  39  15.60945
3842  26  15.61351
3843  32  15.61757
3844  44  15.62164
3845  36  15.6257
3846  27  15.62976
3847  37  15.63383
3848  32  15.63789
3849  36  15.64196
3850  30  15.64602
3851  39  15.65008
3852  35  15.65415
3853  36  15.65821
3854  37  15.66228
3855  38  15.66634
3856  43  15.6704
3857  24  15.67447
3858  31  15.67853
3859  29  15.6826
3860  27  15.68666
3861  41  15.69072
3862  31  15.69479
3863  28  15.69885
3864  22  15.70291
3865  39  15.70698
3866  33  15.71104
3867  28  15.71511
3868  24  15.71917
3869  31  15.72323
3870  31  15.7273
3871  35  15.73136
3872  47  15.73543
3873  39  15.73949
3874  30  15.74355
3875  35  15.74762
3876  29  15.75168
3877  34  15.75575
3878  31  15.75981
3879  41  15.76387
3880  33  15.76794
3881  24  15.772
3882  32  15.77607
3883  27  15.78013
3884  48  15.78419
3885  24  15.78826
3886  25  15.79232
3887  29  15.79638
3888  28  15.80045
3889  31  15.80451
3890  35  15.80858
3891  28  15.81264
3892  26  15.8167
3893  14  15.82077
3894  31  15.82483
3895  20  15.8289
3896  35  15.83296
3897  30  15.83702
3898  39  15.84109
3899  34  15.84515
3900  23  15.84922
3901  26  15.85328
3902  23  15.85734
3903  33  15.86141
3904  24  15.86547
3905  34  15.86953
3906  33  15.8736
3907  32  15.87766
3908  33  15.88173
3909  18  15.88579
3910  19  15.88985
3911  23  15.89392
3912  24  15.89798
3913  26  15.90205
3914  30  15.90611
3915  23  15.91017
3916  28  15.91424
3917  23  15.9183
3918  25  15.92237
3919  25  15.92643
3920  21  15.93049
3921  20  15.93456
3922  23  15.93862
3923  26  15.94268
3924  21  15.94675
3925  17  15.95081
3926  17  15.95488
3927  24  15.95894
3928  24  15.963
3929  27  15.96707
3930  25  15.97113
3931  18  15.9752
3932  22  15.97926
3933  27  15.98332
3934  15  15.98739
3935  28  15.99145
3936  18  15.99552
3937  22  15.99958
3938  22  16.00364
3939  18  16.00771
3940  14  16.01177
3941  31  16.01584
3942  7  16.0199
3943  26  16.02396
3944  20  16.02803
3945  24  16.03209
3946  22  16.03615
3947  21  16.04022
3948  23  16.04428
3949  16  16.04835
3950  24  16.05241
3951  16  16.05647
3952  19  16.06054
3953  20  16.0646
3954  22  16.06867
3955  24  16.07273
3956  19  16.07679
3957  15  16.08086
3958  10  16.08492
3959  20  16.08899
3960  23  16.09305
3961  22  16.09711
3962  19  16.10118
3963  14  16.10524
3964  14  16.1093
3965  22  16.11337
3966  19  16.11743
3967  21  16.1215
3968  28  16.12556
3969  22  16.12962
3970  9  16.13369
3971  20  16.13775
3972  15  16.14182
3973  27  16.14588
3974  18  16.14994
3975  16  16.15401
3976  27  16.15807
3977  32  16.16214
3978  13  16.1662
3979  22  16.17026
3980  27  16.17433
3981  22  16.17839
3982  17  16.18246
3983  32  16.18652
3984  21  16.19058
3985  20  16.19465
3986  25  16.19871
3987  23  16.20277
3988  20  16.20684
3989  21  16.2109
3990  30  16.21497
3991  17  16.21903
3992  16  16.22309
3993  27  16.22716
3994  22  16.23122
3995  22  16.23529
3996  27  16.23935
3997  25  16.24341
3998  26  16.24748
3999  21  16.25154
4000  26  16.25561
4001  20  16.25967
4002  19  16.26373
4003  25  16.2678
4004  17  16.27186
4005  21  16.27592
4006  22  16.27999
4007  23  16.28405
4008  15  16.28812
4009  13  16.29218
4010  20  16.29624
4011  18  16.30031
4012  17  16.30437
4013  15  16.30844
4014  10  16.3125
4015  14  16.31656
4016  10  16.32063
4017  18  16.32469
4018  12  16.32876
4019  9  16.33282
4020  7  16.33688
4021  14  16.34095
4022  13  16.34501
4023  12  16.34908
4024  17  16.35314
4025  7  16.3572
4026  6  16.36127
4027  19  16.36533
4028  8  16.36939
4029  7  16.37346
4030  8  16.37752
4031  9  16.38159
4032  8  16.38565
4033  6  16.38971
4034  4  16.39378
4035  5  16.39784
4036  8  16.40191
4037  2  16.40597
4038  6  16.41003
4039  8  16.4141
4040  10  16.41816
4041  9  16.42223
4042  7  16.42629
4043  6  16.43035
4044  4  16.43442
4045  6  16.43848
4046  9  16.44254
4047  3  16.44661
4048  2  16.45067
4049  6  16.45474
4050  5  16.4588
4051  4  16.46286
4052  5  16.46693
4053  6  16.47099
4054  8  16.47506
4055  9  16.47912
4056  4  16.48318
4057  3  16.48725
4058  9  16.49131
4059  6  16.49538
4060  5  16.49944
4061  2  16.5035
4062  3  16.50757
4063  3  16.51163
4064  3  16.5157
4065  2  16.51976
4066  3  16.52382
4067  1  16.52789
4068  4  16.53195
4069  4  16.53601
4070  1  16.54008
4071  8  16.54414
4072  1  16.54821
4073  6  16.55227
4074  4  16.55633
4075  5  16.5604
4076  4  16.56446
4077  0  16.56853
4078  3  16.57259
4079  2  16.57665
4080  4  16.58072
4081  5  16.58478
4082  5  16.58885
4083  1  16.59291
4084  4  16.59697
4085  5  16.60104
4086  5  16.6051
4087  2  16.60916
4088  3  16.61323
4089  5  16.61729
4090  2  16.62136
4091  3  16.62542
4092  5  16.62948
4093  5  16.63355
4094  3  16.63761
4095  3  16.64168

