5.145273730158805847e-02
5.662329494953155518e-02
6.179385259747505188e-02
6.696441024541854858e-02
7.213497161865234375e-02
7.730552554130554199e-02
8.247608691453933716e-02
8.764664083719253540e-02
9.281720221042633057e-02
9.798775613307952881e-02
1.031583175063133240e-01
1.083288714289665222e-01
1.134994328022003174e-01
1.186699941754341125e-01
1.238405480980873108e-01
1.290111094713211060e-01
1.341816633939743042e-01
1.393522173166275024e-01
1.445227861404418945e-01
1.496933400630950928e-01
1.548638939857482910e-01
1.600344479084014893e-01
1.652050167322158813e-01
1.703755706548690796e-01
1.755461245775222778e-01
1.807166934013366699e-01
1.858872473239898682e-01
1.910578012466430664e-01
1.962283551692962646e-01
2.013989239931106567e-01
2.065694779157638550e-01
2.117400318384170532e-01
2.169106006622314453e-01
2.220811545848846436e-01
2.272517085075378418e-01
2.324222624301910400e-01
2.375928312540054321e-01
2.427633851766586304e-01
2.479339390993118286e-01
2.531045079231262207e-01
2.582750618457794189e-01
2.634456157684326172e-01
2.686161696910858154e-01
2.737867236137390137e-01
2.789572775363922119e-01
2.841278612613677979e-01
2.892984151840209961e-01
2.944689691066741943e-01
2.996395230293273926e-01
3.048100769519805908e-01
3.099806308746337891e-01
3.151511847972869873e-01
3.203217685222625732e-01
3.254923224449157715e-01
3.306628763675689697e-01
3.358334302902221680e-01
3.410039842128753662e-01
3.461745381355285645e-01
3.513450920581817627e-01
3.565156459808349609e-01
3.616862297058105469e-01
3.668567836284637451e-01
3.720273375511169434e-01
3.771978914737701416e-01
3.823684453964233398e-01
3.875389993190765381e-01
3.927095532417297363e-01
3.978801369667053223e-01
4.030506908893585205e-01
4.082212448120117188e-01
4.133917987346649170e-01
4.185623526573181152e-01
4.237329065799713135e-01
4.289034605026245117e-01
4.340740442276000977e-01
4.392445981502532959e-01
4.444151520729064941e-01
4.495857059955596924e-01
4.547562599182128906e-01
4.599268138408660889e-01
4.650973677635192871e-01
4.702679514884948730e-01
4.754385054111480713e-01
4.806090593338012695e-01
4.857796132564544678e-01
4.909501671791076660e-01
4.961207211017608643e-01
5.012912750244140625e-01
5.064618587493896484e-01
5.116323828697204590e-01
5.168029665946960449e-01
5.219734907150268555e-01
5.271440744400024414e-01
5.323146581649780273e-01
5.374851822853088379e-01
5.426557660102844238e-01
5.478262901306152344e-01
5.529968738555908203e-01
5.581673979759216309e-01
5.633379817008972168e-01
5.685085654258728027e-01
5.736790895462036133e-01
5.788496732711791992e-01
5.840201973915100098e-01
5.891907811164855957e-01
5.943613052368164062e-01
5.995318889617919922e-01
6.047024726867675781e-01
6.098729968070983887e-01
6.150435805320739746e-01
6.202141046524047852e-01
6.253846883773803711e-01
6.305552124977111816e-01
6.357257962226867676e-01
6.408963799476623535e-01
6.460669040679931641e-01
6.512374877929687500e-01
6.564080119132995605e-01
6.615785956382751465e-01
6.667491197586059570e-01
6.719197034835815430e-01
6.770902872085571289e-01
6.822608113288879395e-01
6.874313950538635254e-01
6.926019191741943359e-01
6.977725028991699219e-01
7.029430270195007324e-01
7.081136107444763184e-01
7.132841348648071289e-01
7.184547185897827148e-01
7.236253023147583008e-01
7.287958264350891113e-01
7.339664101600646973e-01
7.391369342803955078e-01
7.443075180053710938e-01
7.494780421257019043e-01
7.546486258506774902e-01
7.598192095756530762e-01
7.649897336959838867e-01
7.701603174209594727e-01
7.753308415412902832e-01
7.805014252662658691e-01
7.856719493865966797e-01
7.908425331115722656e-01
7.960131168365478516e-01
8.011836409568786621e-01
8.063542246818542480e-01
8.115247488021850586e-01
8.166953325271606445e-01
8.218658566474914551e-01
8.270364403724670410e-01
8.322070240974426270e-01
8.373775482177734375e-01
8.425481319427490234e-01
8.477186560630798340e-01
8.528892397880554199e-01
8.580597639083862305e-01
8.632303476333618164e-01
8.684009313583374023e-01
8.735714554786682129e-01
8.787420392036437988e-01
8.839125633239746094e-01
8.890831470489501953e-01
8.942536711692810059e-01
8.994242548942565918e-01
9.045948386192321777e-01
9.097653627395629883e-01
9.149359464645385742e-01
9.201064705848693848e-01
9.252770543098449707e-01
9.304475784301757812e-01
9.356181621551513672e-01
9.407887458801269531e-01
9.459592700004577637e-01
9.511298537254333496e-01
9.563003778457641602e-01
9.614709615707397461e-01
9.666414856910705566e-01
9.718120694160461426e-01
9.769825935363769531e-01
9.821531772613525391e-01
9.873237609863281250e-01
9.924942851066589355e-01
9.976648688316345215e-01
1.002835392951965332e+00
1.008005976676940918e+00
1.013176560401916504e+00
1.018347144126892090e+00
1.023517608642578125e+00
1.028688192367553711e+00
1.033858776092529297e+00
1.039029359817504883e+00
1.044199824333190918e+00
1.049370408058166504e+00
1.054540991783142090e+00
1.059711575508117676e+00
1.064882159233093262e+00
1.070052623748779297e+00
1.075223207473754883e+00
1.080393791198730469e+00
1.085564374923706055e+00
1.090734958648681641e+00
1.095905423164367676e+00
1.101076006889343262e+00
1.106246590614318848e+00
1.111417174339294434e+00
1.116587638854980469e+00
1.121758222579956055e+00
1.126928806304931641e+00
1.132099390029907227e+00
1.137269973754882812e+00
1.142440438270568848e+00
1.147611021995544434e+00
1.152781605720520020e+00
1.157952189445495605e+00
1.163122653961181641e+00
1.168293237686157227e+00
1.173463821411132812e+00
1.178634405136108398e+00
1.183804988861083984e+00
1.188975453376770020e+00
1.194146037101745605e+00
1.199316620826721191e+00
1.204487204551696777e+00
1.209657788276672363e+00
1.214828252792358398e+00
1.219998836517333984e+00
1.225169420242309570e+00
1.230340003967285156e+00
1.235510468482971191e+00
1.240681052207946777e+00
1.245851635932922363e+00
1.251022219657897949e+00
1.256192803382873535e+00
1.261363267898559570e+00
1.266533851623535156e+00
1.271704435348510742e+00
1.276875019073486328e+00
1.282045602798461914e+00
1.287216067314147949e+00
1.292386651039123535e+00
1.297557234764099121e+00
1.302727818489074707e+00
1.307898283004760742e+00
1.313068866729736328e+00
1.318239450454711914e+00
1.323410034179687500e+00
1.328580617904663086e+00
1.333751082420349121e+00
1.338921666145324707e+00
1.344092249870300293e+00
1.349262833595275879e+00
1.354433417320251465e+00
1.359603881835937500e+00
1.364774465560913086e+00
1.369945049285888672e+00
1.375115633010864258e+00
1.380286097526550293e+00
1.385456681251525879e+00
1.390627264976501465e+00
1.395797848701477051e+00
1.400968432426452637e+00
1.406138896942138672e+00
1.411309480667114258e+00
1.416480064392089844e+00
1.421650648117065430e+00
1.426821112632751465e+00
1.431991696357727051e+00
1.437162280082702637e+00
1.442332863807678223e+00
1.447503447532653809e+00
1.452673912048339844e+00
1.457844495773315430e+00
1.463015079498291016e+00
1.468185663223266602e+00
1.473356246948242188e+00
1.478526711463928223e+00
1.483697295188903809e+00
1.488867878913879395e+00
1.494038462638854980e+00
1.499208927154541016e+00
1.504379510879516602e+00
1.509550094604492188e+00
1.514720678329467773e+00
1.519891262054443359e+00
1.525061726570129395e+00
1.530232310295104980e+00
1.535402894020080566e+00
1.540573477745056152e+00
1.545744061470031738e+00
1.550914525985717773e+00
1.556085109710693359e+00
1.561255693435668945e+00
1.566426277160644531e+00
1.571596741676330566e+00
1.576767325401306152e+00
1.581937909126281738e+00
1.587108492851257324e+00
1.592279076576232910e+00
1.597449541091918945e+00
1.602620124816894531e+00
1.607790708541870117e+00
1.612961292266845703e+00
1.618131875991821289e+00
1.623302340507507324e+00
1.628472924232482910e+00
1.633643507957458496e+00
1.638814091682434082e+00
1.643984556198120117e+00
1.649155139923095703e+00
1.654325723648071289e+00
1.659496307373046875e+00
1.664666891098022461e+00
1.669837355613708496e+00
1.675007939338684082e+00
1.680178523063659668e+00
1.685349106788635254e+00
1.690519571304321289e+00
1.695690155029296875e+00
1.700860738754272461e+00
1.706031322479248047e+00
1.711201906204223633e+00
1.716372370719909668e+00
1.721542954444885254e+00
1.726713538169860840e+00
1.731884121894836426e+00
1.737054705619812012e+00
1.742225170135498047e+00
1.747395753860473633e+00
1.752566337585449219e+00
1.757736921310424805e+00
1.762907385826110840e+00
1.768077969551086426e+00
1.773248553276062012e+00
1.778419137001037598e+00
1.783589720726013184e+00
1.788760185241699219e+00
1.793930768966674805e+00
1.799101352691650391e+00
1.804271936416625977e+00
1.809442520141601562e+00
1.814612984657287598e+00
1.819783568382263184e+00
1.824954152107238770e+00
1.830124735832214355e+00
1.835295200347900391e+00
1.840465784072875977e+00
1.845636367797851562e+00
1.850806951522827148e+00
1.855977535247802734e+00
1.861147999763488770e+00
1.866318583488464355e+00
1.871489167213439941e+00
1.876659750938415527e+00
1.881830334663391113e+00
1.887000799179077148e+00
1.892171382904052734e+00
1.897341966629028320e+00
1.902512550354003906e+00
1.907683014869689941e+00
1.912853598594665527e+00
1.918024182319641113e+00
1.923194766044616699e+00
1.928365349769592285e+00
1.933535814285278320e+00
1.938706398010253906e+00
1.943876981735229492e+00
1.949047565460205078e+00
1.954218149185180664e+00
1.959388613700866699e+00
1.964559197425842285e+00
1.969729781150817871e+00
1.974900364875793457e+00
1.980070829391479492e+00
1.985241413116455078e+00
1.990411996841430664e+00
1.995582580566406250e+00
2.000753164291381836e+00
2.005923748016357422e+00
2.011094331741333008e+00
2.016264677047729492e+00
2.021435260772705078e+00
2.026605844497680664e+00
2.031776428222656250e+00
2.036947011947631836e+00
2.042117595672607422e+00
2.047288179397583008e+00
2.052458763122558594e+00
2.057629346847534180e+00
2.062799692153930664e+00
2.067970275878906250e+00
2.073140859603881836e+00
2.078311443328857422e+00
2.083482027053833008e+00
2.088652610778808594e+00
2.093823194503784180e+00
2.098993778228759766e+00
2.104164361953735352e+00
2.109334945678710938e+00
2.114505290985107422e+00
2.119675874710083008e+00
2.124846458435058594e+00
2.130017042160034180e+00
2.135187625885009766e+00
2.140358209609985352e+00
2.145528793334960938e+00
2.150699377059936523e+00
2.155869960784912109e+00
2.161040306091308594e+00
2.166210889816284180e+00
2.171381473541259766e+00
2.176552057266235352e+00
2.181722640991210938e+00
2.186893224716186523e+00
2.192063808441162109e+00
2.197234392166137695e+00
2.202404975891113281e+00
2.207575321197509766e+00
2.212745904922485352e+00
2.217916488647460938e+00
2.223087072372436523e+00
2.228257656097412109e+00
2.233428239822387695e+00
2.238598823547363281e+00
2.243769407272338867e+00
2.248939990997314453e+00
2.254110574722290039e+00
2.259280920028686523e+00
2.264451503753662109e+00
2.269622087478637695e+00
2.274792671203613281e+00
2.279963254928588867e+00
2.285133838653564453e+00
2.290304422378540039e+00
2.295475006103515625e+00
2.300645589828491211e+00
2.305815935134887695e+00
2.310986518859863281e+00
2.316157102584838867e+00
2.321327686309814453e+00
2.326498270034790039e+00
2.331668853759765625e+00
2.336839437484741211e+00
2.342010021209716797e+00
2.347180604934692383e+00
2.352350950241088867e+00
2.357521533966064453e+00
2.362692117691040039e+00
2.367862701416015625e+00
2.373033285140991211e+00
2.378203868865966797e+00
2.383374452590942383e+00
2.388545036315917969e+00
2.393715620040893555e+00
2.398885965347290039e+00
2.404056549072265625e+00
2.409227132797241211e+00
2.414397716522216797e+00
2.419568300247192383e+00
2.424738883972167969e+00
2.429909467697143555e+00
2.435080051422119141e+00
2.440250635147094727e+00
2.445421218872070312e+00
2.450591564178466797e+00
2.455762147903442383e+00
2.460932731628417969e+00
2.466103315353393555e+00
2.471273899078369141e+00
2.476444482803344727e+00
2.481615066528320312e+00
2.486785650253295898e+00
2.491956233978271484e+00
2.497126579284667969e+00
2.502297163009643555e+00
2.507467746734619141e+00
2.512638330459594727e+00
2.517808914184570312e+00
2.522979497909545898e+00
2.528150081634521484e+00
2.533320665359497070e+00
2.538491249084472656e+00
2.543661594390869141e+00
2.548832178115844727e+00
2.554002761840820312e+00
2.559173345565795898e+00
2.564343929290771484e+00
2.569514513015747070e+00
2.574685096740722656e+00
2.579855680465698242e+00
2.585026264190673828e+00
2.590196609497070312e+00
2.595367193222045898e+00
2.600537776947021484e+00
2.605708360671997070e+00
2.610878944396972656e+00
2.616049528121948242e+00
2.621220111846923828e+00
2.626390695571899414e+00
2.631561279296875000e+00
2.636731863021850586e+00
2.641902208328247070e+00
2.647072792053222656e+00
2.652243375778198242e+00
2.657413959503173828e+00
2.662584543228149414e+00
2.667755126953125000e+00
2.672925710678100586e+00
2.678096294403076172e+00
2.683266878128051758e+00
2.688437223434448242e+00
2.693607807159423828e+00
2.698778390884399414e+00
2.703948974609375000e+00
2.709119558334350586e+00
2.714290142059326172e+00
2.719460725784301758e+00
2.724631309509277344e+00
2.729801893234252930e+00
2.734972238540649414e+00
2.740142822265625000e+00
2.745313405990600586e+00
2.750483989715576172e+00
2.755654573440551758e+00
2.760825157165527344e+00
2.765995740890502930e+00
2.771166324615478516e+00
2.776336908340454102e+00
2.781507492065429688e+00
2.786677837371826172e+00
2.791848421096801758e+00
2.797019004821777344e+00
2.802189588546752930e+00
2.807360172271728516e+00
2.812530755996704102e+00
2.817701339721679688e+00
2.822871923446655273e+00
2.828042507171630859e+00
2.833212852478027344e+00
2.838383436203002930e+00
2.843554019927978516e+00
2.848724603652954102e+00
2.853895187377929688e+00
2.859065771102905273e+00
2.864236354827880859e+00
2.869406938552856445e+00
2.874577522277832031e+00
2.879747867584228516e+00
2.884918451309204102e+00
2.890089035034179688e+00
2.895259618759155273e+00
2.900430202484130859e+00
2.905600786209106445e+00
2.910771369934082031e+00
2.915941953659057617e+00
2.921112537384033203e+00
2.926282882690429688e+00
2.931453466415405273e+00
2.936624050140380859e+00
2.941794633865356445e+00
2.946965217590332031e+00
2.952135801315307617e+00
2.957306385040283203e+00
2.962476968765258789e+00
2.967647552490234375e+00
2.972818136215209961e+00
2.977988481521606445e+00
2.983159065246582031e+00
2.988329648971557617e+00
2.993500232696533203e+00
2.998670816421508789e+00
3.003841400146484375e+00
3.009011983871459961e+00
3.014182567596435547e+00
3.019353151321411133e+00
3.024523496627807617e+00
3.029694080352783203e+00
3.034864664077758789e+00
3.040035247802734375e+00
3.045205831527709961e+00
3.050376415252685547e+00
3.055546998977661133e+00
3.060717582702636719e+00
3.065888166427612305e+00
3.071058511734008789e+00
3.076229095458984375e+00
3.081399679183959961e+00
3.086570262908935547e+00
3.091740846633911133e+00
3.096911430358886719e+00
3.102082014083862305e+00
3.107252597808837891e+00
3.112423181533813477e+00
3.117593765258789062e+00
3.122764110565185547e+00
3.127934694290161133e+00
3.133105278015136719e+00
3.138275861740112305e+00
3.143446445465087891e+00
3.148617029190063477e+00
3.153787612915039062e+00
3.158958196640014648e+00
3.164128780364990234e+00
3.169299125671386719e+00
3.174469709396362305e+00
3.179640293121337891e+00
3.184810876846313477e+00
3.189981460571289062e+00
3.195152044296264648e+00
3.200322628021240234e+00
3.205493211746215820e+00
3.210663795471191406e+00
3.215834140777587891e+00
3.221004724502563477e+00
3.226175308227539062e+00
3.231345891952514648e+00
3.236516475677490234e+00
3.241687059402465820e+00
3.246857643127441406e+00
3.252028226852416992e+00
3.257198810577392578e+00
3.262369155883789062e+00
3.267539739608764648e+00
3.272710323333740234e+00
3.277880907058715820e+00
3.283051490783691406e+00
3.288222074508666992e+00
3.293392658233642578e+00
3.298563241958618164e+00
3.303733825683593750e+00
3.308904409408569336e+00
3.314074754714965820e+00
3.319245338439941406e+00
3.324415922164916992e+00
3.329586505889892578e+00
3.334757089614868164e+00
3.339927673339843750e+00
3.345098257064819336e+00
3.350268840789794922e+00
3.355439424514770508e+00
3.360609769821166992e+00
3.365780353546142578e+00
3.370950937271118164e+00
3.376121520996093750e+00
3.381292104721069336e+00
3.386462688446044922e+00
3.391633272171020508e+00
3.396803855895996094e+00
3.401974439620971680e+00
3.407144784927368164e+00
3.412315368652343750e+00
3.417485952377319336e+00
3.422656536102294922e+00
3.427827119827270508e+00
3.432997703552246094e+00
3.438168287277221680e+00
3.443338871002197266e+00
3.448509454727172852e+00
3.453679800033569336e+00
3.458850383758544922e+00
3.464020967483520508e+00
3.469191551208496094e+00
3.474362134933471680e+00
3.479532718658447266e+00
3.484703302383422852e+00
3.489873886108398438e+00
3.495044469833374023e+00
3.500215053558349609e+00
3.505385398864746094e+00
3.510555982589721680e+00
3.515726566314697266e+00
3.520897150039672852e+00
3.526067733764648438e+00
3.531238317489624023e+00
3.536408901214599609e+00
3.541579484939575195e+00
3.546750068664550781e+00
3.551920413970947266e+00
3.557090997695922852e+00
3.562261581420898438e+00
3.567432165145874023e+00
3.572602748870849609e+00
3.577773332595825195e+00
3.582943916320800781e+00
3.588114500045776367e+00
3.593285083770751953e+00
3.598455429077148438e+00
3.603626012802124023e+00
3.608796596527099609e+00
3.613967180252075195e+00
3.619137763977050781e+00
3.624308347702026367e+00
3.629478931427001953e+00
3.634649515151977539e+00
3.639820098876953125e+00
3.644990682601928711e+00
3.650161027908325195e+00
3.655331611633300781e+00
3.660502195358276367e+00
3.665672779083251953e+00
3.670843362808227539e+00
3.676013946533203125e+00
3.681184530258178711e+00
3.686355113983154297e+00
3.691525697708129883e+00
3.696696043014526367e+00
3.701866626739501953e+00
3.707037210464477539e+00
3.712207794189453125e+00
3.717378377914428711e+00
3.722548961639404297e+00
3.727719545364379883e+00
3.732890129089355469e+00
3.738060712814331055e+00
3.743231058120727539e+00
3.748401641845703125e+00
3.753572225570678711e+00
3.758742809295654297e+00
3.763913393020629883e+00
3.769083976745605469e+00
3.774254560470581055e+00
3.779425144195556641e+00
3.784595727920532227e+00
3.789766073226928711e+00
3.794936656951904297e+00
3.800107240676879883e+00
3.805277824401855469e+00
3.810448408126831055e+00
3.815618991851806641e+00
3.820789575576782227e+00
3.825960159301757812e+00
3.831130743026733398e+00
3.836301326751708984e+00
3.841471672058105469e+00
3.846642255783081055e+00
3.851812839508056641e+00
3.856983423233032227e+00
3.862154006958007812e+00
3.867324590682983398e+00
3.872495174407958984e+00
3.877665758132934570e+00
3.882836341857910156e+00
3.888006687164306641e+00
3.893177270889282227e+00
3.898347854614257812e+00
3.903518438339233398e+00
3.908689022064208984e+00
3.913859605789184570e+00
3.919030189514160156e+00
3.924200773239135742e+00
3.929371356964111328e+00
3.934541702270507812e+00
3.939712285995483398e+00
3.944882869720458984e+00
3.950053453445434570e+00
3.955224037170410156e+00
3.960394620895385742e+00
3.965565204620361328e+00
3.970735788345336914e+00
3.975906372070312500e+00
3.981076717376708984e+00
3.986247301101684570e+00
3.991417884826660156e+00
3.996588468551635742e+00
4.001759052276611328e+00
4.006929397583007812e+00
4.012100219726562500e+00
4.017270565032958984e+00
4.022441387176513672e+00
4.027611732482910156e+00
4.032782554626464844e+00
4.037952899932861328e+00
4.043123722076416016e+00
4.048294067382812500e+00
4.053464412689208984e+00
4.058635234832763672e+00
4.063805580139160156e+00
4.068976402282714844e+00
4.074146747589111328e+00
4.079317569732666016e+00
4.084487915039062500e+00
4.089658737182617188e+00
4.094829082489013672e+00
4.099999904632568359e+00
4.105170249938964844e+00
4.110340595245361328e+00
4.115511417388916016e+00
4.120681762695312500e+00
4.125852584838867188e+00
4.131022930145263672e+00
4.136193752288818359e+00
4.141364097595214844e+00
4.146534919738769531e+00
4.151705265045166016e+00
4.156875610351562500e+00
4.162046432495117188e+00
4.167216777801513672e+00
4.172387599945068359e+00
4.177557945251464844e+00
4.182728767395019531e+00
4.187899112701416016e+00
4.193069934844970703e+00
4.198240280151367188e+00
4.203410625457763672e+00
4.208581447601318359e+00
4.213751792907714844e+00
4.218922615051269531e+00
4.224092960357666016e+00
4.229263782501220703e+00
4.234434127807617188e+00
4.239604949951171875e+00
4.244775295257568359e+00
4.249945640563964844e+00
4.255116462707519531e+00
4.260286808013916016e+00
4.265457630157470703e+00
4.270627975463867188e+00
4.275798797607421875e+00
4.280969142913818359e+00
4.286139965057373047e+00
4.291310310363769531e+00
4.296480655670166016e+00
4.301651477813720703e+00
4.306821823120117188e+00
4.311992645263671875e+00
4.317162990570068359e+00
4.322333812713623047e+00
4.327504158020019531e+00
4.332674980163574219e+00
4.337845325469970703e+00
4.343015670776367188e+00
4.348186492919921875e+00
4.353356838226318359e+00
4.358527660369873047e+00
4.363698005676269531e+00
4.368868827819824219e+00
4.374039173126220703e+00
4.379209995269775391e+00
4.384380340576171875e+00
4.389550685882568359e+00
4.394721508026123047e+00
4.399891853332519531e+00
4.405062675476074219e+00
4.410233020782470703e+00
4.415403842926025391e+00
4.420574188232421875e+00
4.425745010375976562e+00
4.430915355682373047e+00
4.436086177825927734e+00
4.441256523132324219e+00
4.446426868438720703e+00
4.451597690582275391e+00
4.456768035888671875e+00
4.461938858032226562e+00
4.467109203338623047e+00
4.472280025482177734e+00
4.477450370788574219e+00
4.482621192932128906e+00
4.487791538238525391e+00
4.492961883544921875e+00
4.498132705688476562e+00
4.503303050994873047e+00
4.508473873138427734e+00
4.513644218444824219e+00
4.518815040588378906e+00
4.523985385894775391e+00
4.529156208038330078e+00
4.534326553344726562e+00
4.539496898651123047e+00
4.544667720794677734e+00
4.549838066101074219e+00
4.555008888244628906e+00
4.560179233551025391e+00
4.565350055694580078e+00
4.570520401000976562e+00
4.575691223144531250e+00
4.580861568450927734e+00
4.586031913757324219e+00
4.591202735900878906e+00
4.596373081207275391e+00
4.601543903350830078e+00
4.606714248657226562e+00
4.611885070800781250e+00
4.617055416107177734e+00
4.622226238250732422e+00
4.627396583557128906e+00
4.632566928863525391e+00
4.637737751007080078e+00
4.642908096313476562e+00
4.648078918457031250e+00
4.653249263763427734e+00
4.658420085906982422e+00
4.663590431213378906e+00
4.668761253356933594e+00
4.673931598663330078e+00
4.679101943969726562e+00
4.684272766113281250e+00
4.689443111419677734e+00
4.694613933563232422e+00
4.699784278869628906e+00
4.704955101013183594e+00
4.710125446319580078e+00
4.715296268463134766e+00
4.720466613769531250e+00
4.725636959075927734e+00
4.730807781219482422e+00
4.735978126525878906e+00
4.741148948669433594e+00
4.746319293975830078e+00
4.751490116119384766e+00
4.756660461425781250e+00
4.761831283569335938e+00
4.767001628875732422e+00
4.772172451019287109e+00
4.777342796325683594e+00
4.782513141632080078e+00
4.787683963775634766e+00
4.792854309082031250e+00
4.798025131225585938e+00
4.803195476531982422e+00
4.808366298675537109e+00
4.813536643981933594e+00
4.818707466125488281e+00
4.823877811431884766e+00
4.829048156738281250e+00
4.834218978881835938e+00
4.839389324188232422e+00
4.844560146331787109e+00
4.849730491638183594e+00
4.854901313781738281e+00
4.860071659088134766e+00
4.865242481231689453e+00
4.870412826538085938e+00
4.875583171844482422e+00
4.880753993988037109e+00
4.885924339294433594e+00
4.891095161437988281e+00
4.896265506744384766e+00
4.901436328887939453e+00
4.906606674194335938e+00
4.911777496337890625e+00
4.916947841644287109e+00
4.922118186950683594e+00
4.927289009094238281e+00
4.932459354400634766e+00
4.937630176544189453e+00
4.942800521850585938e+00
4.947971343994140625e+00
4.953141689300537109e+00
4.958312511444091797e+00
4.963482856750488281e+00
4.968653202056884766e+00
4.973824024200439453e+00
4.978994369506835938e+00
4.984165191650390625e+00
4.989335536956787109e+00
4.994506359100341797e+00
4.999676704406738281e+00
5.004847526550292969e+00
5.010017871856689453e+00
5.015188217163085938e+00
5.020359039306640625e+00
5.025529384613037109e+00
5.030700206756591797e+00
5.035870552062988281e+00
5.041041374206542969e+00
5.046211719512939453e+00
5.051382541656494141e+00
5.056552886962890625e+00
5.061723232269287109e+00
5.066894054412841797e+00
5.072064399719238281e+00
5.077235221862792969e+00
5.082405567169189453e+00
5.087576389312744141e+00
5.092746734619140625e+00
5.097917556762695312e+00
5.103087902069091797e+00
5.108258724212646484e+00
5.113429069519042969e+00
5.118599414825439453e+00
5.123770236968994141e+00
5.128940582275390625e+00
5.134111404418945312e+00
5.139281749725341797e+00
5.144452571868896484e+00
5.149622917175292969e+00
5.154793739318847656e+00
5.159964084625244141e+00
5.165134429931640625e+00
5.170305252075195312e+00
5.175475597381591797e+00
5.180646419525146484e+00
5.185816764831542969e+00
5.190987586975097656e+00
5.196157932281494141e+00
5.201328754425048828e+00
5.206499099731445312e+00
5.211669445037841797e+00
5.216840267181396484e+00
